SNP	CHR	BP	P
rsYMR151W	13	562506	0.0003115230632089
rsYMR149W	13	560996	0.0003115230632089
rsYMR150C	13	561956	0.0003115230632089
rsYNL333W	14	13267	0.0003066412661265
rsYNL333W	14	13267	0.0001059516318624
rsYAL069W	1	335	0.0008673802092852
rsYAL068W-A	1	538	0.0008673802092852
rsYIL177C	9	483	4.25269620854342e-06
rsYBR297W	2	800523	0.0003291447217125
rsYAR035W	1	190193	0.0002444809799161
rsYAR029W	1	186321	0.0003160056272944
rsYMR174C	13	610159	7.8964889828376e-05
rsYNR070W	14	765375	0.0002600652504614
rsYNR069C	14	761123	0.0003425816045739
rsYNR068C	14	760067	0.0003425816045739
rsYNR070W	14	765375	0.0006516285983649
rsYNR069C	14	761123	0.0006587668384635
rsYNR068C	14	760067	0.0006587668384635
rsYBR297W	2	800523	7.09261266789473e-05
rsYJL225W-A	10	829	0.0001626486272334
rsYPL273W	16	25087	0.0003674560221268
rsYPL274W	16	22938	0.0003674560221268
rsYER133W	5	432495	0.0003282494324493
rsYKL148C	11	169207	0.0001570820044367
rsYKL149C	11	167612	0.0001570820044367
rsYEL077C	5	264	0.0005306524262355
rsYEL076C-A	5	4185	0.0005306524262355
rsYEL075W-A	5	4870	0.0005306524262355
rsYEL076C	5	4464	0.0005306524262355
rsYJR150C	10	708811	4.2399785360986e-05
rsYEL070W	5	19589	0.0002643455807281
rsYAR028W	1	184892	0.0003197696069963
rsYMR173W-A	13	608897	0.0001143358096752
rsYMR173W	13	608689	0.0001143358096752
rsYMR174C	13	610159	0.0002202021708621
rsYCR104W	3	307801	0.0002793518898623
rsYLL021W	12	100947	0.0002731594089245
rsYOL160W	15	14313	0.0004177024699312
rsYMR172C-A	13	607828	0.0007057135983494
rsYBR302C	2	810340	0.000121538387563
rsYNL019C	14	598376	1.51833546179014e-05
rsYNL018C	14	599936	0.000232933046893
rsYMR174C	13	610159	6.17290212365089e-05
rsYMR173W-A	13	608897	0.0002096766603245
rsYMR173W	13	608689	0.0002096766603245
rsYCR039C	3	199546	0.0001058331281782
rsYCR038W-A	3	199293	0.0001058331281782
rsYCR038C	3	197621	0.0001798334302308
rsYCR107W	3	313890	0.0004654111300891
rsYCR089W	3	267434	0.0001344922375901
rsYIL083C	9	203556	0.0001525726689803
rsYHL050W-A	8	811	0.0002793298430918
rsYBL111C	2	2907	0.0008218704703746
rsYGL261C	7	6290	0.0001698347165799
rsYEL071W	5	16355	2.87792146283943e-05
rsYEL072W	5	13720	0.0004255813759905
rsYDL173W	4	148191	0.0004006976960125
rsYDL171C	4	149203	0.0004006976960125
rsYDL172C	4	148607	0.0004006976960125
rsYMR174C	13	610159	0.0001792736074994
rsYMR173W-A	13	608897	0.0005076912794325
rsYMR173W	13	608689	0.0005076912794325
rsYCR101C	3	302482	9.4117127886271e-05
rsYJR154W	10	725784	0.0007538115037482
rsYEL076C	5	4464	0.0001485027356178
rsYEL075W-A	5	4870	0.0001485027356178
rsYEL077C	5	264	0.0001485027356178
rsYEL076C-A	5	4185	0.0001485027356178
rsYIL161W	9	39433	0.0005347085747295
rsYPR204W	16	944603	0.0002877851195615
rsYPR203W	16	943880	0.0003988355740474
rsYMR325W	13	922641	8.57847230872549e-05
rsYMR326C	13	923494	0.0001127179157841
rsYBR297W	2	800523	4.67207240342676e-06
rsYBR302C	2	810340	2.18066707977653e-05
rsYBR302C	2	810340	0.0004849916253245
rsYBR301W	2	809057	0.0008157131777981
rsYBR300C	2	808600	0.0008157131777981
rsYNR075W	14	779916	0.0001407411119566
rsYNR074C	14	777602	0.0002466264938662
rsYNR077C	14	783287	0.0003847450192051
rsYNR072W	14	772657	0.0005784029273331
rsYKR102W	11	646356	0.0001206289741755
rsYMR172C-A	13	607828	0.0003044501064543
rsYMR325W	13	922641	5.64481116397779e-05
rsYMR326C	13	923494	0.0003606358035499
rsYOR390W	15	1076784	0.0005381741349882
rsYPR204C-A	16	946856	0.0002715070184746
rsYNL332W	14	14832	0.0003188605078757
rsYIL177W-A	9	846	0.0004392187472277
rsYLR410W	12	937541	0.0009046696069766
rsYMR326C	13	923494	0.0007661703071102
rsYPR203W	16	943880	0.0003930023639819
rsYPR204W	16	944603	0.0006019878972283
rsYIR020C	9	394255	0.0006616696362224
rsYGL263W	7	2790	0.0001147742703903
rsYOR389W	15	1074213	0.0001802036650403
rsYBR297W	2	800523	0.0001284182580388
rsYJR154W	10	725784	8.55979002187931e-05
rsYCR106W	3	310958	4.33475163225943e-05
rsYCR105W	3	309070	4.33475163225943e-05
rsYNL334C	14	12208	0.0003303974324385
rsYOR389W	15	1074213	0.0003427136817881
rsYOR388C	15	1071793	0.000412245839
rsYBR297W	2	800523	0.0001001218583252
rsYHR218W	8	558014	0.0005076957041091
rsYIL177C	9	483	0.0009896218757249
rsYAR029W	1	186321	0.0003775565665612
rsYJL214W	10	26887	4.29466036571488e-05
rsYJL215C	10	26412	5.22180498651801e-05
rsYNL338W	14	6561	0.0001129068557421
rsYNL337W	14	7165	0.0004693097475116
rsYKR102W	11	646356	0.0005141097075778
rsYNL332W	14	14832	0.000140055889674
rsYIL161W	9	39433	0.0001388833608161
rsYBR297W	2	800523	0.0006232594161105
rsYJL225C	10	466	0.0003263121504401
rsYCR097W-A	3	294439	0.0003616951610209
rsYCR097W	3	293835	0.000664790400809
rsYCR089W	3	267434	0.0003216799318734
rsYPR204W	16	944603	0.0005129167478479
rsYCR100C	3	301271	5.31208617286575e-05
rsYCR099C	3	300832	7.337947355947e-05
rsYCR101C	3	302482	0.0003710559824892
rsYIL177W-A	9	846	0.0003476359428079
rsYIL177C	9	483	0.0007699895911135
rsYGL261C	7	6290	0.0004420344453205
rsYNL019C	14	598376	4.29556646126248e-05
rsYHR052W	8	210848	0.0001648229465581
rsYEL071W	5	16355	0.0003070793445566
rsYIL177W-A	9	846	0.0003921639932601
rsYPR204C-A	16	946856	9.2263501489963e-05
rsYPR204W	16	944603	0.0002189518673752
rsYNL333W	14	13267	0.0005721111086675
rsYEL070W	5	19589	4.94288460419126e-05
rsYMR173W	13	608689	0.0001785048194539
rsYMR173W-A	13	608897	0.0001785048194539
rsYIL161W	9	39433	0.0003376963130591
rsYBR302C	2	810340	8.91923070050256e-05
rsYBR300C	2	808600	0.0005204075786889
rsYBR301W	2	809057	0.0005204075786889
rsYBR297W	2	800523	0.0005360794801946
rsYIL177W-A	9	846	0.0001019386814999
rsYHR052W	8	210848	0.0004757522854023
rsYPR194C	16	924304	0.0001924581150548
rsYPR195C	16	927965	0.0002431026666521
rsYJL225W-A	10	829	0.0005208511733341
rsYIL177W-A	9	846	6.0102229708834e-05
rsYGL263W	7	2790	0.0001943023216781
rsYLR410W	12	937541	0.000551151372021
rsYJR155W	10	727405	4.2799743237725e-05
rsYPL274W	16	22938	0.0002489429887766
rsYPL273W	16	25087	0.0002489429887766
rsYIR033W	9	416124	0.0008632968923789
rsYHR218W-A	8	559932	2.44707509234691e-06
rsYHR218W	8	558014	2.71146313731563e-06
rsYHR219C-A	8	561199	4.8865806366826e-05
rsYHR219W	8	560173	4.8865806366826e-05
rsYHR214C-D	8	550648	0.0003902339392197
rsYHR214C-E	8	551200	0.0003902339392197
rsYER133W	5	432495	0.0005885584931494
rsYPR204W	16	944603	0.0008131198900442
rsYNR070W	14	765375	0.000388857955843
rsYNR069C	14	761123	0.0004738240733815
rsYNR068C	14	760067	0.0004738240733815
rsYNR071C	14	770440	0.0006547847593209
rsYIL177W-A	9	846	2.73071989697366e-05
rsYJL225C	10	466	2.91308542537345e-05
rsYDL039C	4	381985	8.63655154542415e-05
rsYAR029W	1	186321	0.0004309437618235
rsYBL107C	2	9961	0.000175889313954
rsYPR204W	16	944603	0.0002040556524918
rsYPR203W	16	943880	0.0003850513149641
rsYHR052W	8	210848	0.0001162435074132
rsYJL214W	10	26887	0.0001879581027817
rsYJL215C	10	26412	0.000332382982028
rsYKL219W	11	14485	0.0004334911972047
rsYOL160W	15	14313	0.0001643919368654
rsYOL159C-A	15	15233	0.0001740820481998
rsYHR052W	8	210848	0.0010191048636763
rsYHL049C	8	3726	0.0001349865596714
rsYHL050C	8	445	0.0001961489178184
rsYHL050W-A	8	811	0.0003850115655189
rsYPR198W	16	934034	0.0002769524811921
rsYPR200C	16	939279	0.0003788595675522
rsYPR199C	16	938148	0.0003788595675522
rsYPR201W	16	939922	0.0004055003459456
rsYMR317W	13	907364	0.0002801547677023
rsYHL050C	8	445	0.0003238101067109
rsYHL049C	8	3726	0.0003915576716855
rsYJR155W	10	727405	6.8190069053126e-05
rsYNL333W	14	13267	0.0003258102663993
rsYIL161W	9	39433	0.0004351811231267
rsYEL070W	5	19589	0.0002755832019115
rsYHR215W	8	552099	0.0004966267587109
rsYGL260W	7	6860	0.0002245465744024
rsYGL261C	7	6290	0.000379435024842
rsYGL263W	7	2790	0.0003978546496857
rsYJR154W	10	725784	0.000183515127579
rsYIL163C	9	36899	0.0001932903377833
rsYIL162W	9	37385	0.0001932903377833
rsYLR410W	12	937541	0.0001722881295313
rsYIL177W-A	9	846	2.13305395244886e-05
rsYJR150C	10	708811	0.00032169454565
rsYGR137W	7	762888	0.0002521389881756
rsYHR218W	8	558014	0.0002567935629883
rsYHR218W-A	8	559932	0.0003436319284275
rsYHR219C-A	8	561199	0.000603816892564
rsYHR219W	8	560173	0.000603816892564
rsYAR035W	1	190193	0.0002900851776046
rsYIL177C	9	483	0.0001076926999477
rsYBR299W	2	805351	0.0004715731057613
rsYBR298C-A	2	805035	0.0004715731057613
rsYBR302C	2	810340	0.0001583000711155
rsYPR204W	16	944603	0.0003969332183093
rsYJL225W-A	10	829	0.0001290066118356
rsYPR204C-A	16	946856	0.0005898433611571
rsYIL177C	9	483	1.44121099065685e-05
rsYIL177C	9	483	0.0002790367824359
rsYJR150C	10	708811	0.0005009488278289
rsYJR150C	10	708811	2.67245337442962e-05
rsYPL283C	16	280	0.000669305454738
rsYPL281C	16	9557	0.000740252774383
rsYIL177C	9	483	0.0001896684384765
rsYMR325W	13	922641	0.0001748319940524
rsYIL177W-A	9	846	0.0001821785753572
rsYJR150C	10	708811	0.0002117294151327
rsYEL071W	5	16355	0.0004625782387384
rsYLL021W	12	100947	0.0006677155195614
rsYIL177W-A	9	846	1.22107585864922e-06
rsYIL177C	9	483	0.0001232437345691
rsYEL070W	5	19589	0.0001462690061226
rsYHR052W	8	210848	0.0001785444343353
rsYNR065C	14	750350	4.35059366419436e-05
rsYJL225W-A	10	829	2.29484745498923e-05
rsYPR204W	16	944603	0.0005134199967721
rsYBR298C-A	2	805035	2.99213268679582e-05
rsYBR299W	2	805351	2.99213268679583e-05
rsYBR301W	2	809057	4.13227874623793e-05
rsYBR300C	2	808600	4.13227874623793e-05
rsYBR298C	2	802631	5.49214753450488e-05
rsYOR389W	15	1074213	0.0004012372680532
rsYBR302C	2	810340	1.48772150859101e-07
rsYBR297W	2	800523	5.04873025847356e-05
rsYBL111C	2	2907	0.0001812033563335
rsYBL112C	2	2582	0.0003170195807572
rsYBL113C	2	280	0.0003170195807572
rsYPR204C-A	16	946856	0.0002233558972443
rsYGL259W	7	8470	0.0002876604987389
rsYPR204W	16	944603	0.0003467195373691
rsYGL261C	7	6290	0.0003804777076874
rsYGL260W	7	6860	0.000529707475715
rsYMR172C-A	13	607828	0.0002692567849448
rsYJR150C	10	708811	0.0004468487887496
rsYIL177W-A	9	846	0.0004788066665518
rsYJL214W	10	26887	0.0005455598122028
rsYCR099C	3	300832	0.0002500331309437
rsYIL177C	9	483	0.0004644470317117
rsYJL225C	10	466	0.0010994005354279
rsYOR394C-A	15	1084202	0.0003589114402107
rsYIL163C	9	36899	0.0003870354402218
rsYIL162W	9	37385	0.0003870354402218
rsYDL244W	4	16204	0.0005921207161634
rsYAL067W-A	1	2480	9.18728170400223e-05
rsYGL261C	7	6290	0.0003245069903291
rsYAR029W	1	186321	0.0004394753490286
rsYJR154W	10	725784	0.0001735649036173
rsYKL219W	11	14485	0.0002717755409916
rsYHL050W-A	8	811	0.0005224039327253
rsYPL282C	16	7933	0.0001699584072388
rsYIL177C	9	483	0.0001079963952212
rsYBR302C	2	810340	0.0002306536482509
rsYHR045W	8	195551	0.0002070356091806
rsYHR046C	8	197398	0.0002070356091806
rsYNL332W	14	14832	5.58876878942105e-05
rsYNL331C	14	16118	0.0007949796773109
rsYNL333W	14	13267	0.0008938133970288
rsYNL336W	14	8330	0.0008957902549346
rsYLR410W	12	937541	0.0004037710297189
rsYHR219C-A	8	561199	6.73913720973861e-05
rsYHR219W	8	560173	6.73913720973861e-05
rsYHR218W-A	8	559932	0.0001384465644304
rsYHR218W	8	558014	0.0003226842455126
rsYNL335W	14	11452	0.0001407872464578
rsYIL177C	9	483	0.0004760849701629
rsYGR137W	7	762888	0.0002913155746471
rsYIR020W-A	9	394917	0.0011123344034536
rsYIR022W	9	398733	0.0011123344034536
rsYIR021W-A	9	398514	0.0011123344034536
rsYIR021W	9	397294	0.0011123344034536
rsYIR023W	9	399777	0.0011123344034536
rsYIR020C-B	9	397215	0.0011123344034536
rsYEL071W	5	16355	2.06631470434193e-05
rsYEL072W	5	13720	0.000206487813102
rsYHL050C	8	445	0.0003305935204267
rsYHL049C	8	3726	0.0003761181376391
rsYOR388C	15	1071793	0.0002702698362423
rsYGR137W	7	762888	0.0001559812339603
rsYBR300C	2	808600	2.72732270229355e-06
rsYBR301W	2	809057	2.72732270229355e-06
rsYBR298C-A	2	805035	6.63127235746087e-06
rsYBR299W	2	805351	6.63127235746087e-06
rsYBR298C	2	802631	3.8149116720703e-05
rsYJR150C	10	708811	0.0007377278104373
rsYMR173W	13	608689	2.28044698537799e-05
rsYMR173W-A	13	608897	2.28044698537799e-05
rsYMR174C	13	610159	7.72134356681959e-05
rsYMR325W	13	922641	0.0002265609196207
rsYMR326C	13	923494	2.27495501254137e-05
rsYPL273W	16	25087	0.0002589328588927
rsYPL274W	16	22938	0.0002589328588927
rsYPL277C	16	15405	0.0004100881012742
rsYEL070W	5	19589	0.0004238428068125
rsYEL070W	5	19589	0.0005473339690451
rsYCL065W	3	13751	0.0001004851733675
rsYCL066W	3	13282	0.0001004851733675
rsYCL067C	3	12386	0.0001879846695315
rsYCL068C	3	11503	0.0005101157140259
rsYJR150C	10	708811	0.0007512572549463
rsYPL273W	16	25087	3.86376999499528e-05
rsYPL274W	16	22938	3.86376999499528e-05
rsYBR302C	2	810340	9.16174408729777e-05
rsYML133W-A	13	1610	0.0003433143245196
rsYNL018C	14	599936	0.000501862837971
rsYJL225W-A	10	829	0.0006494970420687
rsYOR389W	15	1074213	5.24609670456023e-05
rsYOR388C	15	1071793	0.0002273753925826
rsYOR390W	15	1076784	0.0004642340083924
rsYBR297W	2	800523	6.18643234098174e-05
rsYNR068C	14	760067	0.0001427299178869
rsYNR069C	14	761123	0.0001427299178869
rsYNR070W	14	765375	0.0002908990814141
rsYHR214W	8	541651	0.0006367909889846
rsYJR155W	10	727405	2.66927620431096e-05
rsYJR154W	10	725784	5.57563382170456e-05
rsYNL019C	14	598376	0.0003108051799383
rsYPL283W-A	16	1426	0.0005863716348013
rsYHR052W	8	210848	5.44095769854487e-05
rsYGL261C	7	6290	5.84564426983792e-05
rsYGL262W	7	5312	5.92242613479079e-05
rsYIL177C	9	483	0.0001451472592535
rsYMR325W	13	922641	6.82395263563653e-07
rsYMR326C	13	923494	5.94416561009063e-05
rsYEL071W	5	16355	0.0006693744914807
rsYAR029W	1	186321	0.0005965298767415
rsYAR030C	1	186512	0.0008213937725135
rsYDR170W-A	4	803195	0.000101278875013
rsYNL019C	14	598376	0.0003127021239366
rsYAL067W-A	1	2480	0.0001340575588046
rsYLL021W	12	100947	0.0003065378286645
rsYHR217C	8	556581	5.99290180573035e-05
rsYPL273W	16	25087	0.0007197739028212
rsYPL274W	16	22938	0.0007197739028212
rsYML046W	13	181474	7.47720768717958e-05
rsYIL177W-A	9	846	0.0002634977207736
rsYNL333W	14	13267	0.0006960582528966
rsYNL332W	14	14832	0.0007802816306796
rsYOR392W	15	1079282	0.0001059684725535
rsYOR391C	15	1078545	0.0001891147992414
rsYIL177W-A	9	846	0.0001283539679169
rsYPR204C-A	16	946856	0.0001272216140665
rsYIL177C	9	483	0.0002116965127338
rsYGL259W	7	8470	0.0006240028150253
rsYNL333W	14	13267	0.0002008028480421
rsYPR204C-A	16	946856	0.0005327814781503
rsYDR420W	4	1306267	0.000461538531714
rsYCR104W	3	307801	0.0002459781535445
rsYJR150C	10	708811	0.0003022431454722
rsYCR089W	3	267434	0.0002982922768224
rsYIR022W	9	398733	0.0006744304905961
rsYIR020C-B	9	397215	0.0006744304905961
rsYIR023W	9	399777	0.0006744304905961
rsYIR021W	9	397294	0.0006744304905961
rsYIR021W-A	9	398514	0.0006744304905961
rsYIR020W-A	9	394917	0.0006744304905961
rsYBL107C	2	9961	0.0001863954124834
rsYEL077C	5	264	0.0001259200982097
rsYEL075W-A	5	4870	0.0001259200982097
rsYEL076C	5	4464	0.0001259200982097
rsYEL076C-A	5	4185	0.0001259200982097
rsYHR052W	8	210848	0.000420092667512
rsYLR410W	12	937541	0.0004761084681864
rsYGL263W	7	2790	0.0002734197658522
rsYBR302C	2	810340	0.0005109458965604
rsYDL039C	4	381985	0.0003134196473407
rsYCR097W	3	293835	2.49686133332756e-06
rsYCR096C	3	293179	3.58068192866947e-06
rsYCR097W-A	3	294439	9.84744360634194e-06
rsYIL177C	9	483	0.0006456902710843
rsYNL332W	14	14832	0.000387071052419
rsYIL083C	9	203556	0.0003011459003232
rsYCR101C	3	302482	0.0001059169186883
rsYDR170W-A	4	803195	0.000111519442832
rsYHR215W	8	552099	5.34023308900905e-05
rsYHR216W	8	554396	0.0001830608302851
rsYMR174C	13	610159	0.0001933093089566
rsYCR106W	3	310958	0.000322379330624
rsYCR105W	3	309070	0.000322379330624
rsYCR106W	3	310958	0.0001604612958163
rsYCR105W	3	309070	0.0001604612958163
rsYIL177W-A	9	846	0.0002901891816886
rsYMR325W	13	922641	2.65902229696564e-07
rsYMR326C	13	923494	2.00113845096413e-06
rsYBR302C	2	810340	8.96614954289949e-05
rsYDL244W	4	16204	2.04142034829307e-05
rsYGL261C	7	6290	8.56668199312167e-05
rsYGL263W	7	2790	0.0003808471925759
rsYJR154W	10	725784	3.89817039470014e-05
rsYJL215C	10	26412	0.0004000488607085
rsYNL018C	14	599936	3.22318017157341e-05
rsYJR150C	10	708811	0.0005428798572547
rsYAR029W	1	186321	0.0002727782627508
rsYCR101C	3	302482	0.0002097272392865
rsYGL261C	7	6290	0.0001975244881815
rsYGL260W	7	6860	0.0002877508130206
rsYJL214W	10	26887	0.0002443675006238
rsYJL215C	10	26412	0.0004272290530663
rsYJR154W	10	725784	0.0001278932827549
rsYCR104W	3	307801	0.0001777449852847
rsYBR297W	2	800523	0.0003965544774457
rsYCR105W	3	309070	0.0002383711453397
rsYCR106W	3	310958	0.0002383711453397
rsYNR070W	14	765375	0.000569010813399
rsYBR297W	2	800523	0.0002196138088631
rsYPR197C	16	933898	0.0003341620523007
rsYIL177W-A	9	846	0.0001070714991551
rsYCR104W	3	307801	0.0001482289605074
rsYMR325W	13	922641	0.0002693813174171
rsYCL068C	3	11503	5.62167246279397e-06
rsYCL067C	3	12386	7.50506030724945e-06
rsYCL076W	3	1392	9.50862423919717e-06
rsYCL069W	3	9706	2.33155519569735e-05
rsYCL073C	3	6479	4.37171187013952e-05
rsYIL177W-A	9	846	0.0003322405878083
rsYJR150C	10	708811	0.0004546847956388
rsYPR204W	16	944603	0.0002830253311563
rsYBR297W	2	800523	0.0002376546157951
rsYIL177W-A	9	846	0.000259307311424
rsYIL161W	9	39433	0.0002274777566674
rsYIL177C	9	483	0.0002754611226848
rsYIL162W	9	37385	0.000384294757866
rsYIL163C	9	36899	0.000384294757866
rsYDR150W	4	755628	0.000239860133395
rsYIL177W-A	9	846	3.4123335710398e-05
rsYMR317W	13	907364	0.0003824834793872
rsYIL177W-A	9	846	0.0003613541550798
rsYJL225W-A	10	829	0.0001100338074697
rsYIL177W-A	9	846	1.77511802268434e-05
rsYIL177C	9	483	0.000174076057305
rsYMR172C-A	13	607828	8.18527231295285e-05
rsYHR214W	8	541651	0.0002107975854541
rsYAR071W	1	225460	0.0006023516058493
rsYHR052W	8	210848	0.0008009834048103
rsYPR197C	16	933898	0.0008776925717725
rsYMR325W	13	922641	0.0002356654591746
rsYMR326C	13	923494	0.0004010886739415
rsYIL177W-A	9	846	0.0005752881346057
rsYIL161W	9	39433	0.0004211188957677
rsYIL162W	9	37385	0.000491275621408
rsYIL163C	9	36899	0.000491275621408
rsYIL083C	9	203556	0.0004619256578229
rsYAR030C	1	186512	0.000395642876523
rsYAR029W	1	186321	0.0005316893768071
rsYOR388C	15	1071793	0.0004257494371092
rsYNL332W	14	14832	0.0001191387402555
rsYNL334C	14	12208	0.0003292090335368
rsYJL225W-A	10	829	0.0006223131927423
rsYLR410W	12	937541	0.0004152735400685
rsYIL177W-A	9	846	2.90805744905293e-06
rsYOR394W	15	1082718	6.6697165391396e-05
rsYOR393W	15	1080276	0.000110566153425
rsYOR392W	15	1079282	0.0004843206972317
rsYAR028W	1	184892	0.0004896033227156
rsYPR203W	16	943880	0.0001431314157231
rsYPR204W	16	944603	0.0002654366801959
rsYEL070W	5	19589	2.89719742287403e-05
rsYBR297W	2	800523	0.0001553294714289
rsYBR298C-A	2	805035	0.0001736447179148
rsYBR299W	2	805351	0.0001736447179148
rsYBR300C	2	808600	0.0002485529542685
rsYBR301W	2	809057	0.0002485529542685
rsYIL177C	9	483	0.0004722064775383
rsYKR102W	11	646356	8.08166595000654e-05
rsYCL067C	3	12386	1.416232351889e-07
rsYCL069W	3	9706	2.28119077287251e-07
rsYCL068C	3	11503	7.51889022624985e-07
rsYCL076W	3	1392	1.3208049534526e-06
rsYCL073C	3	6479	3.1914687621627e-06
rsYCL066W	3	13282	2.05359482142903e-05
rsYCL065W	3	13751	2.05359482142903e-05
rsYHR219C-A	8	561199	0.0005191049729353
rsYHR219W	8	560173	0.0005191049729353
rsYER133W	5	432495	0.0005254246752963
rsYEL071W	5	16355	7.57472923260589e-05
rsYIL177W-A	9	846	5.14565734519977e-06
rsYNL019C	14	598376	0.0003067478203126
rsYMR325W	13	922641	0.000196334436253
rsYMR326C	13	923494	0.0003470191891493
rsYEL076C-A	5	4185	0.000354714005074
rsYEL076C	5	4464	0.000354714005074
rsYEL077C	5	264	0.000354714005074
rsYEL075W-A	5	4870	0.000354714005074
rsYIL177W-A	9	846	0.0003935577252795
rsYAR029W	1	186321	0.0003000831005821
rsYBR302C	2	810340	0.0004757032351378
rsYAR030C	1	186512	0.0006479693788189
rsYPL204W	16	164276	0.0003578462899603
rsYPL203W	16	166256	0.0003578462899603
rsYJR150C	10	708811	0.0007444506925534
rsYIL177W-A	9	846	0.0002677489000092
rsYBR297W	2	800523	6.80345350072625e-05
rsYDL244W	4	16204	0.0002285457576771
rsYHR045W	8	195551	0.0008420894417793
rsYHR046C	8	197398	0.0008420894417793
rsYIL161W	9	39433	0.0005218317232611
rsYPR195C	16	927965	0.0005340849651585
rsYHR215W	8	552099	0.0006919227806868
rsYMR325W	13	922641	2.43140502263468e-05
rsYIL177W-A	9	846	0.0002694747206225
rsYMR326C	13	923494	0.000426490725274
rsYIL177C	9	483	0.0005106815946634
rsYNR071C	14	770440	0.0007933034159585
rsYGL260W	7	6860	0.0001786933483895
rsYGL259W	7	8470	0.0002464029826467
rsYJL225W-A	10	829	0.0004171085318703
rsYDL244W	4	16204	0.0001935945459587
rsYHR215W	8	552099	0.0005957001258268
rsYPL283W-B	16	643	0.0002198904000179
rsYEL070W	5	19589	5.0074190007338e-05
rsYMR173W-A	13	608897	0.0002104331214147
rsYMR173W	13	608689	0.0002104331214147
rsYIL177C	9	483	0.0004514235724321
rsYOR389W	15	1074213	0.0004081764795085
rsYHR219C-A	8	561199	0.0002515878660547
rsYHR219W	8	560173	0.0002515878660547
rsYMR316C-B	13	907321	0.0008752654900187
rsYMR326C	13	923494	0.0001904722053201
rsYMR326C	13	923494	0.0002639084219474
rsYNL334C	14	12208	8.75435147989349e-05
rsYNL336W	14	8330	0.0001061463419293
rsYNL335W	14	11452	0.0001265527004346
rsYPL273W	16	25087	0.0001518006342704
rsYPL274W	16	22938	0.0001518006342704
rsYHL050C	8	445	0.0001863276428341
rsYHL049C	8	3726	0.0002436128500684
rsYCR107W	3	313890	0.0002053070391783
rsYIL177W-A	9	846	0.0004455665959596
rsYKR102W	11	646356	0.0003238675374506
rsYKL148C	11	169207	0.0001513059632978
rsYKL149C	11	167612	0.0001513059632978
rsYCR105W	3	309070	0.0008545578024917
rsYCR106W	3	310958	0.0008545578024917
rsYMR172C-A	13	607828	0.0004381632461125
rsYCR100C	3	301271	0.0005768807508875
rsYCR099C	3	300832	0.0006944611571285
rsYIL161W	9	39433	9.77471399827884e-05
rsYEL070W	5	19589	0.0004012603854756
rsYGL263W	7	2790	0.0001176011531059
rsYAR030C	1	186512	0.0006006537294547
rsYHR215W	8	552099	0.0008118072193302
rsYGL262W	7	5312	0.0005078150868242
rsYOR394W	15	1082718	0.0003229501681703
rsYOR393W	15	1080276	0.0006161597619139
rsYDL244W	4	16204	0.0004785041123236
rsYIL161W	9	39433	2.41591183509171e-05
rsYIL162W	9	37385	9.18153362076303e-05
rsYIL163C	9	36899	9.18153362076303e-05
rsYHR213W-A	8	540549	8.63425053084567e-05
rsYHR213W-B	8	540800	0.000111907436297
rsYMR173W-A	13	608897	0.0005350546040398
rsYMR173W	13	608689	0.0005350546040398
rsYIL161W	9	39433	0.0002551955711111
rsYIL163C	9	36899	0.0003565078810596
rsYIL162W	9	37385	0.0003565078810596
rsYML046W	13	181474	0.0003271924406096
rsYGR137W	7	762888	0.0005976730601956
rsYNL019C	14	598376	0.0002392310956023
rsYNL018C	14	599936	5.04431976869971e-05
rsYHR052W	8	210848	0.0007717987669721
rsYNL019C	14	598376	2.35944180436439e-05
rsYNL017C	14	602138	0.0003072761329395
rsYMR326C	13	923494	0.0002012650161048
rsYMR325W	13	922641	0.0002983776144585
rsYJL225W-A	10	829	0.000238489817991
rsYJL225W-A	10	829	0.0001676214584074
rsYJL225C	10	466	0.0001883507905922
rsYJR150C	10	708811	0.000430040565873
rsYDR150W	4	755628	5.03139207902071e-05
rsYNR077C	14	783287	0.0002253724616055
rsYAR030C	1	186512	0.0001940276967194
rsYOL149W	15	44938	0.0002514942644058
rsYOL148C	15	45760	0.0002514942644058
rsYBR297W	2	800523	0.0002352214716231
rsYJL225W-A	10	829	2.71307647236503e-05
rsYJL225C	10	466	9.18304038657819e-05
rsYHL050C	8	445	0.000591832652402
rsYAR029W	1	186321	0.000379601692915
rsYDR150W	4	755628	0.0006196316998592
rsYEL071W	5	16355	0.0002357049982465
rsYCL067C	3	12386	0.0002540750598606
rsYCL069W	3	9706	0.0006544616984091
rsYEL077W-A	5	630	0.0005187234281433
rsYPR193C	16	922909	0.000323292147986
rsYPR192W	16	921860	0.0004005016403843
rsYHL050C	8	445	3.1815696120529e-05
rsYHL049C	8	3726	5.23302944686875e-05
rsYHL050C	8	445	0.0002006113929016
rsYIL177W-A	9	846	4.06868669473012e-07
rsYIL177C	9	483	5.81440289600583e-05
rsYNL332W	14	14832	0.0001538424928197
rsYJR154W	10	725784	2.56708740553707e-05
rsYCR096C	3	293179	5.81743486439752e-06
rsYCR097W	3	293835	2.3316188275931e-05
rsYCR097W-A	3	294439	4.9150852062085e-05
rsYIL177W-A	9	846	0.0001555635533438
rsYMR325W	13	922641	0.0002163020753632
rsYMR326C	13	923494	0.0003408574684501
rsYIL177W-A	9	846	5.44211465262605e-05
rsYHR214W	8	541651	0.0002074561296416
rsYBR298C-A	2	805035	0.0005177961600178
rsYBR299W	2	805351	0.0005177961600178
rsYML046W	13	181474	0.0007945827121126
rsYEL077W-A	5	630	0.0001552680517341
rsYCR101C	3	302482	0.0001722060894697
rsYOL160W	15	14313	0.0004482510999563
rsYOL159C-A	15	15233	0.0005221663247702
rsYCL069W	3	9706	0.000141451583103
rsYCL068C	3	11503	0.0002412551596514
rsYCL076W	3	1392	0.0002516170672332
rsYCL067C	3	12386	0.0002757988861316
rsYBR297W	2	800523	5.25700255233021e-07
rsYBR299W	2	805351	0.0005979229655109
rsYBR298C-A	2	805035	0.0005979229655109
rsYBR297W	2	800523	1.91302393437519e-05
rsYBR299W	2	805351	8.41438249645771e-05
rsYBR298C-A	2	805035	8.41438249645771e-05
rsYBR298C	2	802631	0.0001455421271809
rsYBR300C	2	808600	0.0003121576944392
rsYBR301W	2	809057	0.0003121576944392
rsYCR097W	3	293835	0.0002461073982665
rsYNL332W	14	14832	0.0003269849627167
rsYIL177W-A	9	846	9.62134031532302e-06
rsYKL148C	11	169207	0.0005945859498306
rsYKL149C	11	167612	0.0005945859498306
rsYEL077W-A	5	630	0.0011700725200727
rsYPR204C-A	16	946856	2.47678357151465e-05
rsYBR297W	2	800523	6.60399982426297e-05
rsYJR154W	10	725784	0.0001181624387512
rsYPR204W	16	944603	0.0004027382183912
rsYPR204W	16	944603	0.000185332922341
rsYPR203W	16	943880	0.0004313903505854
rsYIL177W-A	9	846	0.0002294758613846
rsYCR089W	3	267434	0.0001485546070975
rsYHR052W	8	210848	4.60165263072004e-05
rsYPL279C	16	13228	0.0001594263205799
rsYPL278C	16	15053	0.0003398051685522
rsYIL177W-A	9	846	0.0006330544589399
rsYIL177W-A	9	846	0.0005091239470503
rsYIL177W-A	9	846	5.52707764809938e-07
rsYJR150C	10	708811	0.0002441030060499
rsYIL083C	9	203556	4.67145428180059e-05
rsYNL332W	14	14832	0.000389286388224
rsYJL214W	10	26887	8.80271612891136e-06
rsYJL215C	10	26412	1.01945164425015e-05
rsYNL017C	14	602138	0.0004679879301263
rsYJL214W	10	26887	0.0003290443357229
rsYOL160W	15	14313	0.0004657429635809
rsYMR325W	13	922641	7.66797499078695e-05
rsYMR326C	13	923494	0.0002230238598623
rsYIL177C	9	483	2.68045769528888e-06
rsYIL177W-A	9	846	1.04617584612763e-05
rsYIR020C	9	394255	0.0006206121527554
rsYGL263W	7	2790	6.26014153311114e-06
rsYGL261C	7	6290	6.29675401912422e-05
rsYGL262W	7	5312	8.11445630309217e-05
rsYJR150C	10	708811	0.0001453163009776
rsYBR302C	2	810340	0.0004898832075468
rsYMR173W	13	608689	7.75598776767452e-05
rsYMR173W-A	13	608897	7.75598776767452e-05
rsYCR089W	3	267434	6.82873822865424e-05
rsYML133W-A	13	1610	0.0006563367142582
rsYML133C	13	461	0.0008382556107252
rsYOR390W	15	1076784	0.0005056920421301
rsYIR020C-B	9	397215	0.0004201606146397
rsYIR021W-A	9	398514	0.0004201606146397
rsYIR023W	9	399777	0.0004201606146397
rsYIR020W-A	9	394917	0.0004201606146397
rsYIR021W	9	397294	0.0004201606146397
rsYIR022W	9	398733	0.0004201606146397
rsYGL260W	7	6860	1.08428426945651e-05
rsYGL259W	7	8470	5.47774758132333e-05
rsYGL261C	7	6290	0.0002190148136485
rsYFL055W	6	17004	0.000147684865733
rsYCR105W	3	309070	0.0001961437732265
rsYCR106W	3	310958	0.0001961437732265
rsYNL019C	14	598376	0.0001413730737986
rsYDR170W-A	4	803195	4.2965058490186e-05
rsYIL177W-A	9	846	1.33749504701816e-05
rsYJR154W	10	725784	0.0006773585446202
rsYEL070W	5	19589	0.0006385146639805
rsYIL177W-A	9	846	7.41131587317377e-05
rsYCR104W	3	307801	0.0004551116874693
rsYCR100C	3	301271	0.0005230912164817
rsYCR099C	3	300832	0.0006168961137431
rsYIR020C	9	394255	4.35893735462538e-05
rsYJR150C	10	708811	5.18449712917977e-07
rsYIL177C	9	483	0.0005242616798688
rsYJL214W	10	26887	0.0004667729709337
rsYJL215C	10	26412	0.000562632359995
rsYJL214W	10	26887	0.0007509123307345
rsYJL215C	10	26412	0.0007645797302913
rsYMR172C-A	13	607828	0.0006132749014254
rsYBL107C	2	9961	0.0002450830324841
rsYIL177W-A	9	846	0.0001330366769053
rsYIL177C	9	483	0.0007420475092503
rsYHR046C	8	197398	0.0005032567658145
rsYHR045W	8	195551	0.0005032567658145
rsYHL050C	8	445	0.000548410681844
rsYPR202W	16	943032	0.000241896277664
rsYNL331C	14	16118	6.35118803161358e-05
rsYNL332W	14	14832	0.0008107573655565
rsYPR194C	16	924304	0.0001565844323229
rsYJL215C	10	26412	0.0004570461711476
rsYMR172C-A	13	607828	0.0007332339901819
rsYNL019C	14	598376	6.32122225704441e-05
rsYHR213W-B	8	540800	0.000786626350885
rsYOR389W	15	1074213	0.0004507314581875
rsYGL262W	7	5312	0.0002352078189771
rsYEL077W-A	5	630	0.0002785470776344
rsYJR150C	10	708811	0.0004584819036146
rsYPR204W	16	944603	1.18536949202054e-05
rsYPR204C-A	16	946856	1.45066753901909e-05
rsYPR203W	16	943880	3.40707640137826e-05
rsYJR150C	10	708811	3.20957738364098e-05
rsYIL177W-A	9	846	0.0001167427355791
rsYBR297W	2	800523	0.0002751961981491
rsYHR217C	8	556581	0.0002990027342363
rsYEL070W	5	19589	0.0003338659580205
rsYMR325W	13	922641	0.000372690135603
rsYMR326C	13	923494	0.0005958317975683
rsYCR105W	3	309070	8.33256908693437e-05
rsYCR106W	3	310958	8.33256908693437e-05
rsYJL215C	10	26412	1.16419687817002e-05
rsYJL214W	10	26887	1.42947096794596e-05
rsYMR325W	13	922641	0.0002811389766888
rsYJL225C	10	466	0.0003957286060532
rsYNL339C	14	371	5.32027172126076e-05
rsYNR068C	14	760067	0.0003129902493089
rsYNR069C	14	761123	0.0003129902493089
rsYDL037C	4	384601	0.000500640706055
rsYHR214W	8	541651	0.0009214172213318
rsYNL331C	14	16118	9.4363643221688e-05
rsYEL070W	5	19589	5.82500539035799e-05
rsYHR216W	8	554396	8.73670696238154e-05
rsYHR214W	8	541651	0.0001837203539489
rsYHR215W	8	552099	0.0002035885396198
rsYBR302C	2	810340	0.0004090871347881
rsYJL225C	10	466	1.7880018214691e-05
rsYIL177C	9	483	0.0004816269365013
rsYCR104W	3	307801	0.0001637916044237
rsYPL273W	16	25087	0.0001192411007565
rsYPL274W	16	22938	0.0001192411007565
rsYBR302C	2	810340	0.0001574223913648
rsYIL177C	9	483	0.0002279676931977
rsYJL214W	10	26887	0.0001905161130756
rsYJL215C	10	26412	0.0003245893580504
rsYCR096C	3	293179	0.0002939458302432
rsYIL163C	9	36899	5.60331141058683e-05
rsYIL162W	9	37385	5.60331141058683e-05
rsYIL161W	9	39433	7.74102962398522e-05
rsYJR154W	10	725784	0.0001249679950357
rsYGR138C	7	763762	0.0008517412702756
rsYGR137W	7	762888	0.0001559022433366
rsYPR194C	16	924304	6.64737898604886e-05
rsYPR195C	16	927965	0.0003213139818386
rsYHR215W	8	552099	0.0001921992869444
rsYIL161W	9	39433	2.01490477485345e-05
rsYIL162W	9	37385	7.86380592053445e-05
rsYIL163C	9	36899	7.86380592053445e-05
rsYBR300C	2	808600	8.55188194065445e-05
rsYBR301W	2	809057	8.55188194065445e-05
rsYBR299W	2	805351	0.0001268460312183
rsYBR298C-A	2	805035	0.0001268460312183
rsYHR052W	8	210848	0.0001876391588612
rsYGL262W	7	5312	0.0003199783760714
rsYPR204C-A	16	946856	0.0002762426166398
rsYIL177W-A	9	846	1.76002613893073e-05
rsYBR301W	2	809057	0.000118688320829
rsYBR300C	2	808600	0.000118688320829
rsYBR298C	2	802631	0.0004804634882912
rsYGL260W	7	6860	0.0006409928184332
rsYNL333W	14	13267	0.0002050154058493
rsYJL215C	10	26412	0.0004415223989889
rsYNL018C	14	599936	0.0006186742018052
rsYIL177W-A	9	846	7.88882739270762e-06
rsYPR197C	16	933898	0.00027015135953
rsYNL332W	14	14832	0.0001620713242763
rsYNL336W	14	8330	0.0004983134126438
rsYAL068C	1	1807	0.0001230042708086
rsYOR390W	15	1076784	0.0006592545050509
rsYLL019C	12	105686	0.0006976826920885
rsYLL020C	12	105556	0.0006976826920885
rsYPR193C	16	922909	4.41873882151625e-08
rsYPR192W	16	921860	6.10975159761879e-08
rsYPR201W	16	939922	2.13778163697108e-06
rsYPR199C	16	938148	4.18374315111129e-06
rsYPR200C	16	939279	4.18374315111129e-06
rsYPR195C	16	927965	5.81061002292659e-06
rsYPR198W	16	934034	5.93608870432158e-05
rsYPR194C	16	924304	7.57622598031858e-05
rsYPR198W	16	934034	0.0008378776034653
