SNP	CHR	BP	P
rs_chromosome15_653625	15	653625	1.39132268871291e-05
rs_chromosome11_279188	11	279188	8.28944738242528e-06
rs_chromosome2_293504	2	293504	1.23484659197162e-06
rs_chromosome5_134484	5	134484	2.52811882246764e-05
rs_chromosome12_171935	12	171935	2.59104338539768e-05
rs_chromosome1_140397	1	140397	1.0897861841426e-05
rs_chromosome4_736692	4	736692	8.69793871542295e-06
rs_chromosome15_274354	15	274354	1.00745074441761e-05
rs_chromosome9_39258	9	39258	4.62984416597896e-06
rs_chromosome9_39289	9	39289	4.62984416597896e-06
rs_chromosome4_365027	4	365027	3.90513694190722e-06
rs_chromosome7_412400	7	412400	3.90622460826852e-06
rs_chromosome4_29701	4	29701	1.33165081986681e-05
rs_chromosome14_537504	14	537504	8.63407361582083e-06
rs_chromosome10_311627	10	311627	5.06885625786578e-06
rs_chromosome9_399838	9	399838	1.35596219705166e-05
rs_chromosome2_380911	2	380911	5.96766201899828e-06
rs_chromosome5_169431	5	169431	9.38315977832101e-06
rs_chromosome5_168930	5	168930	2.17112241176315e-05
rs_chromosome6_76442	6	76442	5.7538308497197e-06
rs_chromosome13_615436	13	615436	1.0138867199307e-05
rs_chromosome11_562378	11	562378	1.06534230768915e-05
rs_chromosome13_470412	13	470412	4.74473686787214e-06
rs_chromosome7_517444	7	517444	5.44432417904444e-06
rs_chromosome14_697709	14	697709	1.6668910921443e-06
rs_chromosome14_696647	14	696647	5.12159432512762e-06
rs_chromosome10_107397	10	107397	6.89624808138573e-06
rs_chromosome11_216915	11	216915	9.73444411189877e-06
rs_chromosome11_216985	11	216985	1.29637295375639e-05
rs_chromosome4_1198721	4	1198721	1.86232919571953e-05
rs_chromosome2_144151	2	144151	1.51266985877315e-05
rs_chromosome12_875555	12	875555	1.21989352452242e-05
rs_chromosome15_797036	15	797036	1.28457338630859e-05
rs_chromosome16_499691	16	499691	6.47410784968748e-06
rs_chromosome9_375017	9	375017	1.38981119590293e-06
rs_chromosome9_136134	9	136134	3.65058611300853e-06
rs_chromosome7_290891	7	290891	1.87233023211267e-05
rs_chromosome4_358989	4	358989	2.20041970653746e-05
rs_chromosome10_704310	10	704310	1.14844493936856e-05
rs_chromosome9_85300	9	85300	2.71778262775441e-05
rs_chromosome11_284248	11	284248	1.28810939406268e-06
rs_chromosome11_271323	11	271323	5.80125999214484e-06
rs_chromosome11_270883	11	270883	6.97550195630518e-06
rs_chromosome11_283710	11	283710	8.88175412580744e-06
rs_chromosome11_284914	11	284914	1.7393357696181e-05
rs_chromosome16_703359	16	703359	1.79448619249937e-05
rs_chromosome12_743204	12	743204	1.8245713112906e-05
rs_chromosome7_1063699	7	1063699	2.36731374437894e-05
rs_chromosome15_412752	15	412752	2.79557815016593e-05
rs_chromosome12_241905	12	241905	4.28660370353541e-06
rs_chromosome13_553315	13	553315	2.91996303314088e-05
rs_chromosome9_317145	9	317145	4.18264366105292e-06
rs_chromosome8_117152	8	117152	1.75732546028971e-05
rs_chromosome9_114969	9	114969	2.75098881179097e-06
rs_chromosome8_519078	8	519078	7.46472746556652e-06
rs_chromosome5_502169	5	502169	2.1677572069979e-06
rs_chromosome10_564566	10	564566	1.83999789235797e-05
rs_chromosome2_254124	2	254124	2.01950429284708e-05
rs_chromosome5_503447	5	503447	2.41805228617144e-05
rs_chromosome2_370007	2	370007	2.48476600731631e-05
rs_chromosome5_502929	5	502929	2.6207636275331e-05
rs_chromosome16_450989	16	450989	2.67900377934162e-05
rs_chromosome9_334221	9	334221	1.55793345519084e-06
rs_chromosome2_653427	2	653427	2.53298028560059e-06
rs_chromosome9_335344	9	335344	6.31839739811881e-06
rs_chromosome11_571557	11	571557	1.33049649400145e-05
rs_chromosome12_738097	12	738097	6.34377665230254e-06
rs_chromosome2_385445	2	385445	2.23273823059438e-05
rs_chromosome15_609276	15	609276	6.1549986841083e-06
rs_chromosome2_195960	2	195960	7.78371865451317e-06
rs_chromosome7_1040349	7	1040349	1.06154658147107e-05
rs_chromosome14_698696	14	698696	5.80006353283811e-06
rs_chromosome15_562567	15	562567	1.04644911875728e-05
rs_chromosome14_213856	14	213856	1.63009514053232e-06
rs_chromosome14_211162	14	211162	8.01456142201398e-06
rs_chromosome16_604883	16	604883	6.77554404511798e-06
rs_chromosome7_739469	7	739469	2.34857213787549e-05
rs_chromosome11_627879	11	627879	1.7124645829659e-06
rs_chromosome11_627507	11	627507	1.58739540550318e-05
rs_chromosome15_604154	15	604154	3.21942925821208e-06
rs_chromosome12_723330	12	723330	1.70612448889186e-05
rs_chromosome12_723329	12	723329	1.70612448889186e-05
rs_chromosome10_329192	10	329192	5.55691318136727e-06
rs_chromosome10_646873	10	646873	1.2840424954177e-05
rs_chromosome4_1418937	4	1418937	3.61877198141745e-06
rs_chromosome16_292964	16	292964	1.9498948564264e-05
rs_chromosome4_1274626	4	1274626	1.99434444855116e-05
rs_chromosome12_440337	12	440337	2.86899266697042e-06
rs_chromosome14_600101	14	600101	9.22539960881368e-06
rs_chromosome4_679489	4	679489	2.99524106849166e-06
rs_chromosome4_680130	4	680130	2.21713180961422e-05
rs_chromosome13_472273	13	472273	2.36921590006873e-05
rs_chromosome7_53455	7	53455	8.51585617659745e-06
rs_chromosome10_153741	10	153741	1.53947891478613e-05
rs_chromosome16_286721	16	286721	1.20459705202641e-05
rs_chromosome8_457736	8	457736	3.02203652770431e-06
rs_chromosome4_1204426	4	1204426	1.4877835947911e-06
rs_chromosome15_997162	15	997162	3.06969839893429e-06
rs_chromosome4_1251694	4	1251694	5.42404462191196e-06
rs_chromosome4_1251752	4	1251752	5.42404462191196e-06
rs_chromosome11_517129	11	517129	8.89856675726836e-06
rs_chromosome8_36042	8	36042	4.15293659637353e-06
rs_chromosome13_904067	13	904067	2.84734513782617e-06
rs_chromosome13_903771	13	903771	2.3121838894597e-05
rs_chromosome13_883144	13	883144	3.95771700179807e-06
rs_chromosome13_318647	13	318647	6.88986390166137e-06
rs_chromosome2_518106	2	518106	7.35271871722817e-06
rs_chromosome7_1068089	7	1068089	1.75172632916179e-05
rs_chromosome2_299389	2	299389	2.03572138557046e-05
rs_chromosome5_68547	5	68547	1.06606831206251e-06
rs_chromosome15_759381	15	759381	5.98231446810438e-07
rs_chromosome3_141799	3	141799	2.38370516920427e-05
rs_chromosome3_146470	3	146470	2.72653292828264e-05
rs_chromosome7_832717	7	832717	1.27808805420376e-05
rs_chromosome14_226500	14	226500	2.38217331941732e-06
rs_chromosome7_256952	7	256952	1.614169080693e-05
rs_chromosome10_425929	10	425929	1.90291140890626e-05
rs_chromosome15_647541	15	647541	4.35021519771613e-06
rs_chromosome9_51640	9	51640	1.3125348209411e-05
rs_chromosome2_102893	2	102893	1.53136437931577e-05
rs_chromosome8_507449	8	507449	1.76163981034646e-05
rs_chromosome14_136375	14	136375	1.77607971968723e-05
rs_chromosome14_136579	14	136579	1.77607971968723e-05
rs_chromosome5_396344	5	396344	8.83742339477293e-06
rs_chromosome14_640932	14	640932	2.16000652799669e-05
rs_chromosome4_998628	4	998628	1.38357902449544e-05
rs_chromosome7_1057570	7	1057570	1.32663624769825e-06
rs_chromosome7_1058359	7	1058359	5.45435507324361e-06
rs_chromosome7_1058948	7	1058948	9.41431303147654e-06
rs_chromosome7_1058963	7	1058963	9.41431303147654e-06
rs_chromosome7_1068287	7	1068287	2.44185598237247e-05
rs_chromosome7_1068292	7	1068292	2.44185598237247e-05
rs_chromosome16_498689	16	498689	1.41908367514272e-05
rs_chromosome4_696486	4	696486	1.06938812035396e-05
rs_chromosome9_285874	9	285874	3.94532225441556e-06
rs_chromosome14_157161	14	157161	3.55607778111255e-06
rs_chromosome4_902746	4	902746	1.54774447574903e-06
rs_chromosome4_727987	4	727987	2.25226469439448e-05
rs_chromosome4_1139987	4	1139987	1.06021311681892e-05
rs_chromosome11_491191	11	491191	1.29891419277018e-05
rs_chromosome14_674338	14	674338	1.59709279205822e-05
rs_chromosome16_695522	16	695522	1.70134265033777e-05
rs_chromosome9_269835	9	269835	6.45710349075119e-06
rs_chromosome10_699058	10	699058	7.28987146735305e-06
rs_chromosome10_699108	10	699108	1.450568788037e-05
rs_chromosome15_294547	15	294547	4.45849528572852e-06
rs_chromosome2_184388	2	184388	1.20054554189676e-05
rs_chromosome16_739602	16	739602	1.60712387805904e-05
rs_chromosome7_428728	7	428728	1.34155075997637e-05
rs_chromosome9_83061	9	83061	5.58186365790682e-06
rs_chromosome12_22753	12	22753	9.0595341498617e-07
rs_chromosome12_22395	12	22395	1.2059884580663e-06
rs_chromosome13_790550	13	790550	4.85406817847982e-06
rs_chromosome4_906101	4	906101	1.68992110639059e-05
rs_chromosome2_47612	2	47612	1.50645655145167e-05
rs_chromosome13_846600	13	846600	4.60109095820593e-06
rs_chromosome13_849171	13	849171	1.15685803991621e-05
rs_chromosome13_849252	13	849252	1.15685803991621e-05
rs_chromosome3_66477	3	66477	4.15703940344582e-06
rs_chromosome5_422183	5	422183	8.90933233423293e-06
rs_chromosome9_408244	9	408244	1.79456005459273e-05
rs_chromosome7_952040	7	952040	4.48026036718576e-06
rs_chromosome16_277230	16	277230	1.4750406109967e-05
rs_chromosome16_277086	16	277086	1.4750406109967e-05
rs_chromosome14_162100	14	162100	1.82321359519385e-05
rs_chromosome14_534949	14	534949	1.97207905207917e-05
rs_chromosome4_80056	4	80056	1.80598817074156e-06
rs_chromosome4_79474	4	79474	2.9304572681726e-06
rs_chromosome4_21476	4	21476	7.31974255414995e-06
rs_chromosome4_1201870	4	1201870	1.5692513099599e-05
rs_chromosome14_442265	14	442265	1.01721904578393e-05
rs_chromosome12_203682	12	203682	1.3460463868599e-05
rs_chromosome15_789434	15	789434	2.93855934396103e-06
rs_chromosome16_226070	16	226070	3.73689386331764e-06
rs_chromosome10_220401	10	220401	1.39757085256805e-05
rs_chromosome10_218338	10	218338	1.39757085256805e-05
rs_chromosome13_104772	13	104772	1.53064245661845e-05
rs_chromosome15_467065	15	467065	2.64317472990782e-06
rs_chromosome13_371362	13	371362	7.32848252441748e-06
rs_chromosome2_572565	2	572565	3.00344186040755e-06
rs_chromosome2_63304	2	63304	6.38191451559858e-06
rs_chromosome9_344094	9	344094	4.86417274921767e-06
rs_chromosome11_437524	11	437524	6.46889513649544e-06
rs_chromosome11_77002	11	77002	2.03720922636244e-06
rs_chromosome11_77001	11	77001	2.03720922636244e-06
rs_chromosome11_77212	11	77212	5.98443662352616e-06
rs_chromosome8_367199	8	367199	9.19572112226899e-06
rs_chromosome5_27272	5	27272	1.56782066870703e-05
rs_chromosome9_217890	9	217890	1.15262222617241e-05
rs_chromosome14_752756	14	752756	8.62711463542136e-06
rs_chromosome10_158376	10	158376	1.86099019385844e-07
rs_chromosome5_207156	5	207156	6.56065980966297e-06
rs_chromosome4_662769	4	662769	1.57097743869653e-05
rs_chromosome2_307597	2	307597	1.2203133130815e-05
rs_chromosome4_569301	4	569301	1.25814151307491e-07
rs_chromosome15_946466	15	946466	3.61417998687828e-06
rs_chromosome15_954038	15	954038	7.16489322066819e-06
rs_chromosome2_54607	2	54607	2.0009567862522e-05
rs_chromosome15_796494	15	796494	5.12709914540502e-07
rs_chromosome16_499691	16	499691	1.81876568435287e-06
rs_chromosome2_741235	2	741235	3.86810945001327e-05
rs_chromosome13_470412	13	470412	1.10634175335051e-05
rs_chromosome14_136306	14	136306	4.05198980552508e-08
rs_chromosome2_372954	2	372954	4.48731431443649e-06
rs_chromosome16_154404	16	154404	9.18490294379467e-06
rs_chromosome14_132066	14	132066	2.86574779393221e-05
rs_chromosome15_229674	15	229674	2.33762285807088e-05
rs_chromosome4_973137	4	973137	9.86551486312333e-06
rs_chromosome16_728329	16	728329	4.06343391997641e-06
rs_chromosome12_744416	12	744416	2.0436137580293e-05
rs_chromosome15_186571	15	186571	2.42796958064924e-05
rs_chromosome3_237018	3	237018	5.92542612382301e-06
rs_chromosome4_1138235	4	1138235	1.00324558023073e-05
rs_chromosome4_192069	4	192069	1.22698025822118e-05
rs_chromosome4_1446136	4	1446136	1.60750427388228e-05
rs_chromosome14_482960	14	482960	8.09470738333164e-06
rs_chromosome14_546706	14	546706	9.74044043917904e-06
rs_chromosome13_497270	13	497270	1.91133064634436e-06
rs_chromosome13_429559	13	429559	8.47638090862739e-06
rs_chromosome9_353530	9	353530	2.8479378240765e-06
rs_chromosome4_159428	4	159428	4.26827590064646e-06
rs_chromosome12_25640	12	25640	1.25573118171269e-05
rs_chromosome5_396344	5	396344	1.68224094078516e-05
rs_chromosome7_593220	7	593220	1.27942359738453e-06
rs_chromosome15_80741	15	80741	1.78541221838862e-05
rs_chromosome8_378065	8	378065	8.63952270657766e-06
rs_chromosome10_268004	10	268004	1.02233218964665e-05
rs_chromosome2_73758	2	73758	5.76312080345351e-06
rs_chromosome9_218556	9	218556	7.8485743251125e-06
rs_chromosome9_218801	9	218801	1.2226740145215e-05
rs_chromosome7_509101	7	509101	1.29330307289103e-05
rs_chromosome12_923234	12	923234	2.04185045023319e-05
rs_chromosome5_161767	5	161767	6.51169503317883e-06
rs_chromosome15_992014	15	992014	1.45895307606446e-05
rs_chromosome14_54995	14	54995	1.99684788762514e-05
rs_chromosome14_55037	14	55037	1.99684788762514e-05
rs_chromosome16_878637	16	878637	1.17363489153322e-05
rs_chromosome15_420334	15	420334	7.69158480166895e-06
rs_chromosome15_439047	15	439047	1.88867373612563e-05
rs_chromosome15_426838	15	426838	2.11799107467314e-05
rs_chromosome15_438827	15	438827	2.81524473370039e-05
rs_chromosome15_438948	15	438948	2.81524473370039e-05
rs_chromosome15_438188	15	438188	4.17261433355661e-05
rs_chromosome15_438148	15	438148	4.17261433355661e-05
rs_chromosome15_438262	15	438262	4.17261433355661e-05
rs_chromosome15_438026	15	438026	4.17261433355661e-05
rs_chromosome10_450521	10	450521	1.49684010972239e-05
rs_chromosome11_417416	11	417416	1.33173938908589e-05
rs_chromosome11_599122	11	599122	9.21425592149277e-06
rs_chromosome13_371821	13	371821	4.52687050103075e-06
rs_chromosome16_453106	16	453106	1.39579559069028e-05
rs_chromosome16_24844	16	24844	2.2459221078189e-05
rs_chromosome12_511340	12	511340	9.35128879791288e-06
rs_chromosome6_123774	6	123774	7.60714940349443e-07
rs_chromosome6_125664	6	125664	2.68609194989612e-06
rs_chromosome13_430487	13	430487	1.70218402407952e-05
rs_chromosome13_423901	13	423901	2.93715445379264e-05
rs_chromosome12_759842	12	759842	8.37263787917769e-06
rs_chromosome12_759860	12	759860	8.37263787917769e-06
rs_chromosome12_759872	12	759872	9.54597473391192e-06
rs_chromosome6_72261	6	72261	3.94376386673104e-06
rs_chromosome6_74155	6	74155	4.22377069194349e-06
rs_chromosome8_53882	8	53882	1.28287117741748e-05
rs_chromosome6_77928	6	77928	1.3027629167554e-05
rs_chromosome1_95376	1	95376	2.91966700698823e-06
rs_chromosome11_147617	11	147617	9.00993749337188e-06
rs_chromosome13_547731	13	547731	1.95802927726957e-07
rs_chromosome13_547540	13	547540	1.95802927726957e-07
rs_chromosome13_544984	13	544984	1.53133726497389e-05
rs_chromosome4_1387436	4	1387436	1.27593960603102e-05
rs_chromosome11_343095	11	343095	1.89409763155664e-06
rs_chromosome4_975252	4	975252	2.82098700803806e-05
rs_chromosome7_806961	7	806961	4.06717742005577e-06
rs_chromosome7_882621	7	882621	9.63652991048661e-06
rs_chromosome4_346531	4	346531	8.35653338778303e-06
rs_chromosome13_874128	13	874128	1.3731689759969e-05
rs_chromosome3_22203	3	22203	1.68720799617262e-05
rs_chromosome7_152410	7	152410	1.19077459788983e-05
rs_chromosome4_1401685	4	1401685	4.74275512252753e-06
rs_chromosome8_447755	8	447755	5.93084103894219e-06
rs_chromosome15_367742	15	367742	1.33670509527961e-06
rs_chromosome8_197974	8	197974	1.30744477194626e-05
rs_chromosome13_873915	13	873915	7.37343006134463e-07
rs_chromosome13_873914	13	873914	7.37343006134463e-07
rs_chromosome13_873922	13	873922	1.35147439217704e-06
rs_chromosome10_301233	10	301233	5.07498735584838e-06
rs_chromosome16_297034	16	297034	2.38033872531819e-05
rs_chromosome7_324307	7	324307	7.43650958506601e-06
rs_chromosome7_324427	7	324427	7.43650958506601e-06
rs_chromosome7_324535	7	324535	7.43650958506601e-06
rs_chromosome7_324676	7	324676	7.43650958506601e-06
rs_chromosome7_324601	7	324601	7.43650958506601e-06
rs_chromosome7_324432	7	324432	7.43650958506601e-06
rs_chromosome7_324620	7	324620	7.43650958506601e-06
rs_chromosome7_324430	7	324430	7.43650958506601e-06
rs_chromosome1_35970	1	35970	2.72540893457572e-06
rs_chromosome16_110256	16	110256	2.36273993061482e-07
rs_chromosome16_110058	16	110058	2.36273993061482e-07
rs_chromosome16_110345	16	110345	2.36273993061482e-07
rs_chromosome16_110946	16	110946	2.36273993061482e-07
rs_chromosome16_116308	16	116308	1.13329736980221e-05
rs_chromosome16_116448	16	116448	1.13329736980221e-05
rs_chromosome16_117148	16	117148	1.13329736980221e-05
rs_chromosome11_316100	11	316100	1.27686829920851e-05
rs_chromosome15_667729	15	667729	1.77987123584438e-05
rs_chromosome5_256376	5	256376	1.8203219241749e-05
rs_chromosome16_111813	16	111813	1.87973597975074e-05
rs_chromosome14_465005	14	465005	5.01300307894565e-06
rs_chromosome15_1020807	15	1020807	8.73100741684751e-06
rs_chromosome11_294837	11	294837	1.26474646293072e-05
rs_chromosome9_37689	9	37689	1.01712544165138e-05
rs_chromosome9_37540	9	37540	1.69699319916449e-05
rs_chromosome9_37592	9	37592	1.69699319916449e-05
rs_chromosome9_37603	9	37603	1.69699319916449e-05
rs_chromosome9_37609	9	37609	1.69699319916449e-05
rs_chromosome9_37542	9	37542	1.69699319916449e-05
rs_chromosome9_37652	9	37652	1.69699319916449e-05
rs_chromosome9_37678	9	37678	1.69699319916449e-05
rs_chromosome9_37598	9	37598	1.69699319916449e-05
rs_chromosome9_37593	9	37593	1.69699319916449e-05
rs_chromosome9_37690	9	37690	1.69699319916449e-05
rs_chromosome9_37582	9	37582	1.69699319916449e-05
rs_chromosome13_862215	13	862215	2.15175780585689e-06
rs_chromosome13_862224	13	862224	2.12772347416747e-05
rs_chromosome14_465005	14	465005	1.23398548652314e-05
rs_chromosome4_782863	4	782863	2.6242235454764e-07
rs_chromosome4_784537	4	784537	3.15597164624732e-06
rs_chromosome15_85161	15	85161	1.66211449967228e-06
rs_chromosome4_261254	4	261254	5.76443225497818e-06
rs_chromosome10_358190	10	358190	6.14517224316748e-06
rs_chromosome4_579199	4	579199	6.19755108802879e-06
rs_chromosome11_521128	11	521128	7.11529257170338e-06
rs_chromosome8_366137	8	366137	8.97171452955959e-07
rs_chromosome8_364222	8	364222	4.03458077729346e-06
rs_chromosome10_614716	10	614716	7.50860365130409e-06
rs_chromosome11_36900	11	36900	7.79310465942102e-06
rs_chromosome4_596913	4	596913	1.66168170427902e-05
rs_chromosome14_117759	14	117759	4.55807469459076e-07
rs_chromosome16_293816	16	293816	8.06006426448194e-06
rs_chromosome10_576987	10	576987	1.89819823236973e-05
rs_chromosome16_708647	16	708647	4.19872839481429e-06
rs_chromosome16_708641	16	708641	4.62167161699074e-06
rs_chromosome15_369165	15	369165	1.69415833522868e-05
rs_chromosome4_685839	4	685839	1.80941679376775e-05
rs_chromosome4_840362	4	840362	7.84058520057759e-06
rs_chromosome2_168536	2	168536	4.99303315954198e-06
rs_chromosome14_79032	14	79032	2.04186575560549e-05
rs_chromosome7_59379	7	59379	2.06140147264652e-05
rs_chromosome7_858511	7	858511	9.52369123918378e-06
rs_chromosome13_867176	13	867176	3.73203777636634e-06
rs_chromosome9_308852	9	308852	2.14949918903237e-06
rs_chromosome9_308369	9	308369	3.65787799075017e-06
rs_chromosome6_113328	6	113328	1.01502138095841e-05
rs_chromosome9_211179	9	211179	7.55423343800896e-07
rs_chromosome14_545945	14	545945	1.31356850852719e-05
rs_chromosome9_251795	9	251795	1.66717236055978e-05
rs_chromosome9_146308	9	146308	2.27145219329632e-05
rs_chromosome16_281721	16	281721	2.60685457807049e-05
rs_chromosome12_118486	12	118486	8.09146511550599e-06
rs_chromosome14_753325	14	753325	1.99965450943241e-05
rs_chromosome14_749402	14	749402	2.06907008825642e-05
rs_chromosome14_749472	14	749472	2.06907008825642e-05
rs_chromosome10_276453	10	276453	7.56927862915865e-06
rs_chromosome16_622071	16	622071	1.23550016651099e-05
rs_chromosome12_72520	12	72520	2.05793065925791e-05
rs_chromosome16_26802	16	26802	1.39078843626764e-05
rs_chromosome4_1108508	4	1108508	1.87475809751893e-05
rs_chromosome4_1301046	4	1301046	4.7808742023474e-06
rs_chromosome11_518577	11	518577	3.59081557308785e-07
rs_chromosome11_517238	11	517238	3.59821725256441e-06
rs_chromosome11_520276	11	520276	6.43635550912477e-06
rs_chromosome13_524154	13	524154	9.66024383238791e-06
rs_chromosome11_485189	11	485189	1.0835159731525e-05
rs_chromosome16_25536	16	25536	2.13881580779081e-05
rs_chromosome11_345623	11	345623	4.21952852974019e-06
rs_chromosome12_292952	12	292952	6.90373055619716e-06
rs_chromosome2_88087	2	88087	1.15177944948942e-05
rs_chromosome2_80838	2	80838	1.9281587375996e-05
rs_chromosome8_137022	8	137022	2.26206657724148e-05
rs_chromosome8_136896	8	136896	2.26206657724148e-05
rs_chromosome8_135388	8	135388	2.43070391307242e-05
rs_chromosome10_629482	10	629482	2.51473846033811e-06
rs_chromosome10_629566	10	629566	6.58631436829266e-06
rs_chromosome14_727708	14	727708	9.21163950978932e-06
rs_chromosome14_727758	14	727758	9.21163950978932e-06
rs_chromosome14_727716	14	727716	9.21163950978932e-06
rs_chromosome16_422582	16	422582	9.02648943284161e-06
rs_chromosome10_463005	10	463005	2.58639758659718e-05
rs_chromosome11_462819	11	462819	4.87839352517587e-06
rs_chromosome11_462779	11	462779	2.04485928683678e-05
rs_chromosome16_695419	16	695419	1.06722440679426e-05
rs_chromosome7_129074	7	129074	1.33460046985663e-06
rs_chromosome15_126255	15	126255	1.29402061897934e-05
rs_chromosome12_603325	12	603325	7.35717504938613e-06
rs_chromosome12_616887	12	616887	2.97781140555981e-05
rs_chromosome11_631559	11	631559	3.2513014755299e-06
rs_chromosome9_380768	9	380768	6.70904288302226e-06
rs_chromosome11_182825	11	182825	1.30499838646563e-05
rs_chromosome4_1201870	4	1201870	3.11486102570404e-05
rs_chromosome7_419249	7	419249	1.8072397812514e-05
rs_chromosome9_396773	9	396773	7.09346801998579e-06
rs_chromosome9_396834	9	396834	2.12641218779514e-05
rs_chromosome8_79894	8	79894	9.6881813949334e-06
rs_chromosome15_159120	15	159120	1.04940105431104e-05
rs_chromosome4_79474	4	79474	2.0266924196736e-06
rs_chromosome15_634428	15	634428	1.67969042468625e-05
rs_chromosome4_80056	4	80056	1.82526624360314e-05
rs_chromosome7_522653	7	522653	2.64963771705972e-05
rs_chromosome4_358989	4	358989	1.30309097152336e-05
rs_chromosome14_420944	14	420944	7.43690847866213e-06
rs_chromosome8_93500	8	93500	1.46239657616932e-06
rs_chromosome8_93509	8	93509	1.03235286994879e-05
rs_chromosome16_133870	16	133870	2.77839723170168e-06
rs_chromosome3_207705	3	207705	8.87243206450383e-06
rs_chromosome4_504183	4	504183	1.4479964787987e-05
rs_chromosome13_470412	13	470412	1.16994821314855e-05
rs_chromosome4_80250	4	80250	5.53726335679601e-07
rs_chromosome9_73100	9	73100	1.38250265124064e-05
rs_chromosome9_73117	9	73117	1.38250265124064e-05
rs_chromosome9_73076	9	73076	1.38250265124064e-05
rs_chromosome7_864758	7	864758	4.46489964279394e-06
rs_chromosome4_346531	4	346531	3.66152903402639e-06
rs_chromosome4_1273683	4	1273683	1.25106522213779e-05
rs_chromosome8_36042	8	36042	1.31315236324565e-05
rs_chromosome13_826214	13	826214	1.36475161185125e-05
rs_chromosome8_383266	8	383266	2.19392091172861e-05
rs_chromosome11_132408	11	132408	2.25848805986748e-05
rs_chromosome4_164200	4	164200	4.61420758811378e-06
rs_chromosome4_163737	4	163737	1.06062832503494e-05
rs_chromosome13_852220	13	852220	1.96959838516256e-05
rs_chromosome14_195046	14	195046	1.20368820329232e-05
rs_chromosome2_85060	2	85060	1.11270399690709e-06
rs_chromosome13_434958	13	434958	3.53178539062711e-06
rs_chromosome16_452674	16	452674	7.66257263712107e-06
rs_chromosome4_1447428	4	1447428	2.14979963143941e-05
rs_chromosome4_1437787	4	1437787	5.50004833038534e-06
rs_chromosome3_121150	3	121150	6.36504351708203e-06
rs_chromosome7_412400	7	412400	8.76173149991082e-06
rs_chromosome5_201988	5	201988	7.72143517265984e-06
rs_chromosome5_201726	5	201726	1.52650886267853e-05
rs_chromosome14_538315	14	538315	9.28325533817721e-06
rs_chromosome11_455980	11	455980	4.57064584067912e-06
rs_chromosome8_207734	8	207734	4.83041786776959e-06
rs_chromosome5_197724	5	197724	5.66320925897315e-06
rs_chromosome10_293271	10	293271	6.65354939894083e-06
rs_chromosome14_631593	14	631593	1.80149686589628e-05
rs_chromosome4_89384	4	89384	1.76873685608004e-05
rs_chromosome6_119755	6	119755	7.76446042532024e-06
rs_chromosome12_342885	12	342885	1.42152885442203e-05
rs_chromosome10_689090	10	689090	8.62961184679711e-06
rs_chromosome14_24781	14	24781	2.28515385739079e-06
rs_chromosome4_43611	4	43611	1.29191559999323e-05
rs_chromosome12_1001409	12	1001409	1.65406163365149e-05
rs_chromosome8_285977	8	285977	1.38177281238002e-05
rs_chromosome10_681843	10	681843	1.31999578656275e-05
rs_chromosome11_478682	11	478682	2.27135818091474e-05
rs_chromosome10_425504	10	425504	1.52027536870509e-06
rs_chromosome11_405007	11	405007	2.86442790041791e-06
rs_chromosome14_621080	14	621080	1.12085278499279e-05
rs_chromosome12_178408	12	178408	1.35250064708084e-05
rs_chromosome9_72564	9	72564	7.19034068803933e-06
rs_chromosome9_72621	9	72621	7.19034068803933e-06
rs_chromosome2_21612	2	21612	4.30528965723898e-06
rs_chromosome9_254336	9	254336	5.36949130580237e-07
rs_chromosome4_155446	4	155446	4.03989590614948e-06
rs_chromosome4_156362	4	156362	8.67890921975889e-06
rs_chromosome14_600811	14	600811	5.57904950122739e-06
rs_chromosome7_301891	7	301891	5.5353534433794e-06
rs_chromosome8_33337	8	33337	1.16619877286832e-05
rs_chromosome4_28798	4	28798	1.40197813566795e-06
rs_chromosome10_184244	10	184244	6.62307279254093e-06
rs_chromosome2_331827	2	331827	1.08402338147554e-05
rs_chromosome12_43499	12	43499	1.85258012061739e-06
rs_chromosome7_22192	7	22192	3.10508560871584e-06
rs_chromosome7_22661	7	22661	3.3996380670923e-06
rs_chromosome7_23140	7	23140	7.64527716432645e-06
rs_chromosome13_673803	13	673803	9.5040630891542e-06
rs_chromosome10_264413	10	264413	2.46931376832223e-05
rs_chromosome13_318647	13	318647	1.22721690423135e-05
rs_chromosome11_369689	11	369689	5.52793468290158e-06
rs_chromosome10_372444	10	372444	1.06465164887497e-05
rs_chromosome10_372476	10	372476	2.26172781934232e-05
rs_chromosome7_490647	7	490647	1.31305603275224e-05
rs_chromosome14_34396	14	34396	1.86901768141684e-06
rs_chromosome14_33946	14	33946	2.7069491394732e-06
rs_chromosome14_34651	14	34651	8.68898892990024e-06
rs_chromosome4_1224397	4	1224397	1.30827170295485e-05
rs_chromosome8_52183	8	52183	2.68444048859871e-05
rs_chromosome15_448820	15	448820	1.96825054651668e-05
rs_chromosome12_320904	12	320904	2.4940034952231e-05
rs_chromosome13_853001	13	853001	1.35551996913851e-05
rs_chromosome16_910111	16	910111	1.31407440234077e-05
rs_chromosome16_910104	16	910104	1.31407440234077e-05
rs_chromosome14_731054	14	731054	7.50059814903962e-06
rs_chromosome12_292952	12	292952	3.04025294474839e-05
rs_chromosome15_312454	15	312454	2.1675524993281e-05
rs_chromosome11_168162	11	168162	6.88844077929045e-06
rs_chromosome12_37123	12	37123	5.96853403633786e-06
rs_chromosome10_610977	10	610977	5.90312956863071e-07
rs_chromosome16_527231	16	527231	2.27444681849691e-05
rs_chromosome5_132569	5	132569	1.50788123754112e-06
rs_chromosome14_511838	14	511838	2.48535799230906e-06
rs_chromosome15_968465	15	968465	8.26048966363763e-06
rs_chromosome2_439587	2	439587	2.21456412146312e-05
rs_chromosome16_822514	16	822514	1.76685310741723e-05
rs_chromosome2_163497	2	163497	6.22930986739527e-06
rs_chromosome4_1314814	4	1314814	9.81880871725996e-06
rs_chromosome14_552709	14	552709	1.99505290291513e-05
rs_chromosome3_259351	3	259351	1.48517022464657e-05
rs_chromosome12_78394	12	78394	2.25460824651523e-06
rs_chromosome15_588514	15	588514	1.12633796934722e-05
rs_chromosome10_415561	10	415561	1.32996210998468e-05
rs_chromosome15_130337	15	130337	2.19460841367593e-05
rs_chromosome4_838119	4	838119	5.45322085049832e-06
rs_chromosome10_131433	10	131433	1.27789979802809e-05
rs_chromosome15_523782	15	523782	2.00404173345119e-05
rs_chromosome15_992155	15	992155	2.15852498515515e-06
rs_chromosome15_992014	15	992014	1.82889331340184e-05
rs_chromosome7_305802	7	305802	2.23320788855416e-05
rs_chromosome11_480386	11	480386	1.05449044812781e-05
rs_chromosome4_204271	4	204271	2.48086880551181e-06
rs_chromosome4_202790	4	202790	2.62171097520364e-06
rs_chromosome4_205310	4	205310	3.2237013729904e-06
rs_chromosome4_209791	4	209791	1.3219695946774e-05
rs_chromosome10_416657	10	416657	1.41040380487384e-05
rs_chromosome5_459185	5	459185	1.56242596676614e-05
rs_chromosome4_204557	4	204557	1.81214095062048e-05
rs_chromosome15_80986	15	80986	6.87328454841774e-06
rs_chromosome15_1037523	15	1037523	1.46748467022677e-05
rs_chromosome10_385072	10	385072	7.27516684840454e-06
rs_chromosome5_29294	5	29294	8.23103813017432e-06
rs_chromosome4_157038	4	157038	1.54535235766975e-05
rs_chromosome14_532165	14	532165	1.96429954382019e-05
rs_chromosome12_644045	12	644045	2.10880910792052e-05
rs_chromosome14_552957	14	552957	2.32705453063261e-06
rs_chromosome4_585872	4	585872	2.85140013260457e-06
rs_chromosome15_416444	15	416444	2.09146427035653e-05
rs_chromosome15_182971	15	182971	1.40832673637618e-06
rs_chromosome5_263652	5	263652	5.30119390793437e-06
rs_chromosome8_489898	8	489898	1.02746457025287e-05
rs_chromosome11_431700	11	431700	4.07400583053801e-06
rs_chromosome1_192531	1	192531	1.97953480553366e-05
rs_chromosome15_630972	15	630972	2.36922953119742e-06
rs_chromosome5_71524	5	71524	1.8042982319925e-05
rs_chromosome16_882746	16	882746	2.66435203002122e-06
rs_chromosome14_694765	14	694765	2.27543582778825e-05
rs_chromosome8_366283	8	366283	5.10207830649436e-06
rs_chromosome12_205389	12	205389	9.36639890947716e-07
rs_chromosome12_756805	12	756805	1.99175078443928e-05
rs_chromosome15_134558	15	134558	3.66670209102132e-05
rs_chromosome5_351279	5	351279	2.4315680407119e-05
rs_chromosome4_727987	4	727987	7.95453725032833e-06
rs_chromosome4_458653	4	458653	2.11861891155943e-05
rs_chromosome6_163447	6	163447	1.65488941845326e-05
rs_chromosome2_230255	2	230255	1.73242790368365e-06
rs_chromosome2_215946	2	215946	4.43917588877823e-06
rs_chromosome2_208735	2	208735	5.94579374365976e-06
rs_chromosome2_227302	2	227302	1.51097692964208e-05
rs_chromosome4_1059143	4	1059143	5.50493722395666e-06
rs_chromosome12_24948	12	24948	1.02194569746727e-05
rs_chromosome13_371533	13	371533	1.95336440790773e-05
rs_chromosome16_857654	16	857654	1.0289797554211e-05
rs_chromosome6_168117	6	168117	1.81719395018762e-05
rs_chromosome6_168122	6	168122	1.81719395018762e-05
rs_chromosome2_325007	2	325007	2.60111360824746e-06
rs_chromosome2_324887	2	324887	2.60111360824746e-06
rs_chromosome2_325175	2	325175	2.60111360824746e-06
rs_chromosome2_324926	2	324926	2.60111360824746e-06
rs_chromosome6_204676	6	204676	4.46072213157109e-06
rs_chromosome6_204770	6	204770	1.13730006712954e-05
rs_chromosome6_204767	6	204767	1.13730006712954e-05
rs_chromosome7_400572	7	400572	1.04288461742515e-05
rs_chromosome3_120342	3	120342	1.73937978875044e-07
rs_chromosome3_121150	3	121150	1.99837847129382e-07
rs_chromosome3_120133	3	120133	2.84310031129909e-07
rs_chromosome3_119779	3	119779	2.84310031129909e-07
rs_chromosome3_117992	3	117992	6.57093371585538e-06
rs_chromosome7_1019751	7	1019751	7.54286045361201e-06
rs_chromosome3_121210	3	121210	1.08239264265358e-05
rs_chromosome4_1093368	4	1093368	2.25477426873599e-05
rs_chromosome5_66141	5	66141	2.19954965171547e-05
rs_chromosome7_599725	7	599725	1.83702086966851e-05
rs_chromosome7_598733	7	598733	3.05262328858888e-05
rs_chromosome10_329903	10	329903	1.42373966645277e-05
rs_chromosome14_150370	14	150370	1.52056982131041e-05
rs_chromosome5_506069	5	506069	3.23338368454489e-05
rs_chromosome15_586108	15	586108	1.71239994317251e-06
rs_chromosome12_342190	12	342190	6.07021833570951e-06
rs_chromosome14_220632	14	220632	1.19869469946991e-05
rs_chromosome7_323582	7	323582	1.57250927526929e-05
rs_chromosome14_658252	14	658252	1.80317915515219e-05
rs_chromosome10_107397	10	107397	1.89602396541355e-05
rs_chromosome10_434887	10	434887	8.41227327028272e-06
rs_chromosome2_77651	2	77651	8.28284460198978e-06
rs_chromosome15_784606	15	784606	9.69114012567713e-06
rs_chromosome15_784813	15	784813	1.33883427378286e-05
rs_chromosome11_265175	11	265175	1.06138990333958e-05
rs_chromosome15_418511	15	418511	2.55896309573472e-05
rs_chromosome15_418384	15	418384	2.55896309573472e-05
rs_chromosome12_299037	12	299037	1.25063819976844e-05
rs_chromosome8_129265	8	129265	6.05187196839814e-06
rs_chromosome4_410352	4	410352	8.8554514757237e-07
rs_chromosome11_378962	11	378962	7.07877311630009e-06
rs_chromosome16_327885	16	327885	3.29427113747577e-06
rs_chromosome14_592657	14	592657	2.6326841030395e-05
rs_chromosome5_539655	5	539655	3.60112070237801e-06
rs_chromosome2_420843	2	420843	1.14005257854647e-05
rs_chromosome8_238800	8	238800	8.94637013379005e-06
rs_chromosome16_695419	16	695419	1.713012851284e-05
rs_chromosome4_521623	4	521623	1.60658940850206e-05
rs_chromosome13_120287	13	120287	8.55549787004288e-06
rs_chromosome16_620602	16	620602	3.05510996774662e-05
rs_chromosome16_620615	16	620615	3.05510996774662e-05
rs_chromosome11_292695	11	292695	2.94473671075419e-05
rs_chromosome14_601869	14	601869	1.34643464061898e-05
rs_chromosome4_1239087	4	1239087	3.36672457674453e-06
rs_chromosome12_662864	12	662864	2.06117065482183e-05
rs_chromosome3_108503	3	108503	7.99784345558313e-06
rs_chromosome13_456415	13	456415	1.19718977128438e-05
rs_chromosome8_341892	8	341892	2.30939911739692e-05
rs_chromosome4_85280	4	85280	3.36278117876539e-06
rs_chromosome7_308800	7	308800	1.09847572190095e-06
rs_chromosome4_1446136	4	1446136	8.41363253193889e-06
rs_chromosome9_47493	9	47493	1.15444349774105e-05
rs_chromosome7_610360	7	610360	8.48205557047225e-06
rs_chromosome12_407477	12	407477	2.02448388336541e-06
rs_chromosome12_554133	12	554133	7.07701172587014e-06
rs_chromosome7_318591	7	318591	1.44326755987047e-05
rs_chromosome10_620583	10	620583	1.60028631021933e-05
rs_chromosome16_96115	16	96115	2.84971530223005e-05
rs_chromosome6_155140	6	155140	5.33081661340376e-06
rs_chromosome12_1007613	12	1007613	7.12554874235361e-06
rs_chromosome4_217696	4	217696	2.34294883429146e-05
rs_chromosome14_613192	14	613192	2.32298397057076e-06
rs_chromosome11_276968	11	276968	8.40375119790822e-06
rs_chromosome11_276368	11	276368	1.02519235463395e-05
rs_chromosome11_272960	11	272960	1.81507096715731e-05
rs_chromosome12_916326	12	916326	2.33328482847001e-05
rs_chromosome14_752069	14	752069	2.0086851505929e-05
rs_chromosome12_132151	12	132151	1.90252654239919e-05
rs_chromosome12_132144	12	132144	1.90252654239919e-05
rs_chromosome7_601696	7	601696	1.05060401827609e-05
rs_chromosome15_293123	15	293123	2.01603026885071e-05
rs_chromosome4_248600	4	248600	8.37026725842619e-06
rs_chromosome16_695522	16	695522	7.84131715597728e-06
rs_chromosome14_574027	14	574027	5.83466580826729e-06
rs_chromosome5_203839	5	203839	3.70651436684815e-06
rs_chromosome2_503310	2	503310	8.87363061786053e-07
rs_chromosome2_503196	2	503196	3.29074968933442e-06
rs_chromosome11_41527	11	41527	6.80524631563981e-06
rs_chromosome11_41601	11	41601	6.80524631563981e-06
rs_chromosome11_41442	11	41442	6.80524631563981e-06
rs_chromosome11_41490	11	41490	6.80524631563981e-06
rs_chromosome12_375813	12	375813	1.07720122601708e-05
rs_chromosome8_525820	8	525820	1.33040446895741e-05
rs_chromosome10_400578	10	400578	1.1990241675723e-06
rs_chromosome15_424523	15	424523	1.27982726556361e-05
rs_chromosome15_427159	15	427159	1.38461715128987e-05
rs_chromosome15_424216	15	424216	1.91683179810094e-05
rs_chromosome12_968208	12	968208	1.95487783216196e-05
rs_chromosome4_1038620	4	1038620	9.94476874055456e-06
rs_chromosome16_295959	16	295959	1.16263822121848e-05
rs_chromosome8_462419	8	462419	1.92043437650526e-05
rs_chromosome9_149761	9	149761	4.23520433199136e-06
rs_chromosome12_991073	12	991073	5.7136504243344e-06
rs_chromosome12_1006283	12	1006283	8.72306169881042e-06
rs_chromosome12_1006629	12	1006629	1.30421275018135e-05
rs_chromosome16_371082	16	371082	7.29851729587637e-08
rs_chromosome16_371571	16	371571	7.76670890482524e-08
rs_chromosome16_680822	16	680822	2.8111686113859e-06
rs_chromosome16_681023	16	681023	3.39454821818152e-06
rs_chromosome16_680556	16	680556	4.49730034603541e-06
rs_chromosome16_367091	16	367091	1.37040774537004e-05
rs_chromosome16_373560	16	373560	1.42786092710912e-05
rs_chromosome8_52980	8	52980	1.87030144425772e-05
rs_chromosome8_52993	8	52993	1.87030144425772e-05
rs_chromosome16_369350	16	369350	1.87208162324967e-05
rs_chromosome16_369255	16	369255	1.87208162324967e-05
rs_chromosome15_192333	15	192333	1.59280536964239e-05
rs_chromosome9_74808	9	74808	1.46963066565918e-05
rs_chromosome16_29370	16	29370	1.80922141959422e-05
rs_chromosome16_262948	16	262948	1.09179451081442e-05
rs_chromosome16_706407	16	706407	1.06790209224662e-05
rs_chromosome6_249999	6	249999	7.31458284656379e-06
rs_chromosome12_377913	12	377913	4.38599998267173e-06
rs_chromosome12_377512	12	377512	4.38599998267173e-06
rs_chromosome13_270930	13	270930	7.73245424842678e-06
rs_chromosome4_564745	4	564745	1.65911749838965e-05
rs_chromosome12_28252	12	28252	4.47965950016574e-06
rs_chromosome7_611730	7	611730	1.15873827785409e-05
rs_chromosome13_471230	13	471230	2.98887348335383e-06
rs_chromosome7_457631	7	457631	5.43460890019472e-06
rs_chromosome7_457592	7	457592	8.48574856474489e-06
rs_chromosome15_55310	15	55310	6.10702534931228e-07
rs_chromosome4_714933	4	714933	1.81841288761396e-05
rs_chromosome1_192429	1	192429	2.14778333787271e-05
rs_chromosome15_439047	15	439047	1.02620715261162e-05
rs_chromosome15_416880	15	416880	1.57217607747514e-05
rs_chromosome8_431870	8	431870	1.07921105707263e-05
rs_chromosome16_293816	16	293816	3.25319182154477e-06
rs_chromosome12_101321	12	101321	3.35814649137507e-06
rs_chromosome16_293369	16	293369	8.74691446598674e-06
rs_chromosome10_58993	10	58993	1.85487016390993e-05
rs_chromosome4_272291	4	272291	1.57909608284397e-05
rs_chromosome11_31748	11	31748	9.33794555043125e-06
rs_chromosome2_156194	2	156194	5.42545885928894e-07
rs_chromosome12_25386	12	25386	6.66104315484973e-06
rs_chromosome4_1388592	4	1388592	8.37134015047831e-06
rs_chromosome14_132066	14	132066	2.91857070566387e-05
rs_chromosome7_301891	7	301891	2.04590920216669e-05
rs_chromosome12_133678	12	133678	2.14151580521753e-05
rs_chromosome9_72757	9	72757	1.57509429081858e-05
rs_chromosome9_72762	9	72762	1.57509429081858e-05
rs_chromosome9_72784	9	72784	1.57509429081858e-05
rs_chromosome15_186571	15	186571	1.72615730651228e-05
rs_chromosome15_1032162	15	1032162	1.89489867411295e-05
rs_chromosome13_469820	13	469820	1.54877414990503e-06
rs_chromosome2_470054	2	470054	1.46286501804598e-05
rs_chromosome2_476335	2	476335	1.75505817492913e-05
rs_chromosome14_699228	14	699228	2.99728478301218e-05
rs_chromosome6_217387	6	217387	2.25744167807607e-06
rs_chromosome4_79389	4	79389	2.92554450645178e-07
rs_chromosome4_80467	4	80467	3.21031129856038e-07
rs_chromosome4_80250	4	80250	4.69225342778537e-07
rs_chromosome4_79782	4	79782	9.13601834129879e-07
rs_chromosome4_79893	4	79893	2.81387477669972e-06
rs_chromosome4_80440	4	80440	3.88343821630308e-06
rs_chromosome4_80414	4	80414	5.31144630966232e-06
rs_chromosome4_80430	4	80430	5.46486017573311e-06
rs_chromosome2_453044	2	453044	1.3934424000136e-05
rs_chromosome4_79474	4	79474	8.11430312768059e-06
rs_chromosome14_537504	14	537504	1.42029277379482e-05
rs_chromosome1_101177	1	101177	1.95417084815109e-05
rs_chromosome8_40215	8	40215	4.25755271004055e-06
rs_chromosome9_170432	9	170432	2.20216063454985e-05
rs_chromosome4_1460367	4	1460367	1.80793509238744e-07
rs_chromosome4_1468017	4	1468017	2.67097910675373e-07
rs_chromosome15_274354	15	274354	2.56806835393936e-06
rs_chromosome9_222580	9	222580	6.06564929784064e-06
rs_chromosome15_1029990	15	1029990	6.17951140471092e-06
rs_chromosome4_1465769	4	1465769	7.68286195285491e-06
rs_chromosome4_1459601	4	1459601	1.23512582280886e-05
rs_chromosome4_217696	4	217696	1.58919327670189e-05
rs_chromosome4_1451955	4	1451955	1.79242388832517e-05
rs_chromosome16_297234	16	297234	2.26774391188866e-05
rs_chromosome13_801754	13	801754	9.89166200471054e-06
rs_chromosome14_585996	14	585996	1.22581424148747e-05
rs_chromosome2_418451	2	418451	2.01656169284161e-05
rs_chromosome14_92908	14	92908	1.28546001642497e-05
rs_chromosome12_301123	12	301123	1.40598728954723e-05
rs_chromosome9_190065	9	190065	4.70730091099621e-06
rs_chromosome7_1056872	7	1056872	2.19758197730878e-06
rs_chromosome16_622071	16	622071	2.44750887371821e-06
rs_chromosome7_1057570	7	1057570	1.30599038811702e-05
rs_chromosome14_762153	14	762153	1.47191468328591e-05
rs_chromosome7_916324	7	916324	1.70464623472368e-05
rs_chromosome14_125981	14	125981	1.12073755866765e-05
rs_chromosome14_425456	14	425456	2.10901155875779e-05
rs_chromosome14_425369	14	425369	2.10901155875779e-05
rs_chromosome14_425816	14	425816	2.60423641314456e-05
rs_chromosome13_371667	13	371667	1.33595161597104e-05
rs_chromosome13_371738	13	371738	3.58487432000402e-05
rs_chromosome9_256984	9	256984	1.08066798528352e-05
rs_chromosome12_107151	12	107151	2.56662181305245e-05
rs_chromosome7_160076	7	160076	1.90151984579627e-05
rs_chromosome10_398191	10	398191	1.13283514408238e-05
rs_chromosome8_148418	8	148418	4.10314542804914e-06
rs_chromosome8_148409	8	148409	4.10314542804914e-06
rs_chromosome5_221810	5	221810	1.18098726065948e-05
rs_chromosome14_146337	14	146337	9.16776534246407e-06
rs_chromosome7_174247	7	174247	4.43404621817536e-06
rs_chromosome7_129074	7	129074	6.7422505872674e-06
rs_chromosome16_433400	16	433400	1.0176801260155e-05
rs_chromosome4_1345664	4	1345664	2.98573549230675e-06
rs_chromosome15_1009919	15	1009919	1.32147840575039e-05
rs_chromosome15_1010114	15	1010114	1.33690072584387e-05
rs_chromosome7_678750	7	678750	1.18448455858926e-05
rs_chromosome16_172925	16	172925	2.17123627645233e-05
rs_chromosome2_356648	2	356648	3.03988409708307e-05
rs_chromosome10_91365	10	91365	6.252367206202e-06
rs_chromosome10_91264	10	91264	2.41533623421769e-05
rs_chromosome2_167897	2	167897	4.34575268635705e-06
rs_chromosome2_208574	2	208574	9.80501675959297e-06
rs_chromosome13_713573	13	713573	4.85211481878625e-06
rs_chromosome1_196198	1	196198	1.06899793232832e-05
rs_chromosome14_155840	14	155840	1.22163986801801e-05
rs_chromosome14_156055	14	156055	1.22163986801801e-05
rs_chromosome14_155098	14	155098	1.3365483639059e-05
rs_chromosome14_151991	14	151991	1.43485399668436e-05
rs_chromosome14_185512	14	185512	1.41022282932834e-05
rs_chromosome16_96934	16	96934	1.70295261318884e-05
rs_chromosome16_38894	16	38894	2.05207933008288e-05
rs_chromosome3_61954	3	61954	2.11213218386944e-05
rs_chromosome14_533912	14	533912	6.93428812740633e-06
rs_chromosome15_468739	15	468739	5.39214145378485e-06
rs_chromosome9_72757	9	72757	6.62713563199391e-06
rs_chromosome9_72762	9	72762	6.62713563199391e-06
rs_chromosome9_72784	9	72784	6.62713563199391e-06
rs_chromosome7_301891	7	301891	8.59119470328531e-06
rs_chromosome5_27272	5	27272	1.29465349236051e-05
rs_chromosome14_423266	14	423266	1.97482942645285e-05
rs_chromosome12_749442	12	749442	7.31047384233255e-06
rs_chromosome9_211179	9	211179	4.99631811588306e-06
rs_chromosome4_1446482	4	1446482	1.13503445778365e-05
rs_chromosome7_951099	7	951099	1.58775498592413e-05
rs_chromosome10_359074	10	359074	7.56739222323505e-06
rs_chromosome12_288473	12	288473	1.11980530347145e-05
rs_chromosome16_607906	16	607906	6.34673064084718e-06
rs_chromosome7_159586	7	159586	2.10956684871489e-05
rs_chromosome15_877112	15	877112	4.45560127067241e-06
rs_chromosome4_973137	4	973137	2.12778183228247e-05
rs_chromosome8_424109	8	424109	2.23069673817927e-06
rs_chromosome2_63304	2	63304	1.2591682988969e-05
rs_chromosome12_826454	12	826454	1.88488614037249e-05
rs_chromosome11_279467	11	279467	5.15383498494693e-06
rs_chromosome8_159794	8	159794	6.07404381851364e-06
rs_chromosome14_215285	14	215285	2.19237898635347e-06
rs_chromosome4_1202081	4	1202081	1.42763356350714e-05
rs_chromosome7_988609	7	988609	7.420817879801e-06
rs_chromosome14_537981	14	537981	1.56735216662025e-05
rs_chromosome14_60608	14	60608	1.6167157501388e-05
rs_chromosome4_1165728	4	1165728	2.74538361134102e-07
rs_chromosome4_1165910	4	1165910	6.33342368176523e-07
rs_chromosome3_110934	3	110934	1.28024699094598e-05
rs_chromosome5_266836	5	266836	4.35872276523132e-06
rs_chromosome12_744207	12	744207	9.19316334935644e-06
rs_chromosome15_932032	15	932032	6.35600290653971e-06
rs_chromosome15_57800	15	57800	2.46889803070395e-06
rs_chromosome16_131623	16	131623	9.00168121553175e-06
rs_chromosome16_131754	16	131754	9.00168121553175e-06
rs_chromosome6_76992	6	76992	1.42047618018165e-05
rs_chromosome8_226824	8	226824	1.71709094840494e-05
rs_chromosome11_223086	11	223086	2.42035887853079e-05
rs_chromosome15_569058	15	569058	2.67375575823799e-05
rs_chromosome2_69616	2	69616	2.75096117089062e-05
rs_chromosome15_680430	15	680430	7.96747297906668e-06
rs_chromosome15_677286	15	677286	8.34607971159031e-06
rs_chromosome3_77849	3	77849	2.35708223158761e-05
rs_chromosome3_77866	3	77866	2.35708223158761e-05
rs_chromosome2_307810	2	307810	1.29101494358893e-05
rs_chromosome15_391445	15	391445	1.45238720011734e-05
rs_chromosome4_589510	4	589510	1.48724423839397e-05
rs_chromosome15_186571	15	186571	1.1835006631802e-05
rs_chromosome5_27272	5	27272	1.09222399011298e-05
rs_chromosome4_588450	4	588450	2.22424668558198e-05
rs_chromosome12_744207	12	744207	3.74994092521843e-06
rs_chromosome5_27272	5	27272	2.39012223876275e-07
rs_chromosome9_138951	9	138951	2.55302782670798e-05
rs_chromosome9_138922	9	138922	2.55302782670798e-05
rs_chromosome12_1006308	12	1006308	2.97058066002137e-05
rs_chromosome12_1006345	12	1006345	2.97058066002137e-05
rs_chromosome13_857240	13	857240	2.20136840243781e-06
rs_chromosome13_857520	13	857520	2.20136840243781e-06
rs_chromosome15_442427	15	442427	3.63563406491359e-06
rs_chromosome15_440015	15	440015	3.79534409595182e-06
rs_chromosome13_856807	13	856807	6.07724836042023e-06
rs_chromosome13_856042	13	856042	1.5788689537968e-05
rs_chromosome11_224943	11	224943	9.60002462847472e-06
rs_chromosome13_802829	13	802829	1.57060011316649e-05
rs_chromosome2_407778	2	407778	1.93531234433162e-05
rs_chromosome2_184388	2	184388	1.77066502964981e-05
rs_chromosome7_296999	7	296999	1.1982359733704e-05
rs_chromosome16_900602	16	900602	1.21333724492836e-05
rs_chromosome16_308781	16	308781	1.0317316253145e-05
rs_chromosome14_31666	14	31666	1.35432114692734e-05
rs_chromosome14_31722	14	31722	1.35432114692734e-05
rs_chromosome14_31516	14	31516	1.35432114692734e-05
rs_chromosome14_31774	14	31774	1.35432114692734e-05
rs_chromosome14_31693	14	31693	1.35432114692734e-05
rs_chromosome14_31748	14	31748	1.35432114692734e-05
rs_chromosome14_32015	14	32015	1.35432114692734e-05
rs_chromosome14_31994	14	31994	1.35432114692734e-05
rs_chromosome14_31657	14	31657	1.35432114692734e-05
rs_chromosome14_31542	14	31542	1.35432114692734e-05
rs_chromosome14_30802	14	30802	2.93207714028097e-05
rs_chromosome11_620182	11	620182	1.61430951485154e-06
rs_chromosome7_231071	7	231071	2.50230205578861e-05
rs_chromosome15_186571	15	186571	1.11169769340463e-05
rs_chromosome7_150399	7	150399	2.59256444689384e-06
rs_chromosome7_150477	7	150477	7.14662931333458e-06
rs_chromosome11_260953	11	260953	6.15536943299404e-06
rs_chromosome12_786420	12	786420	2.15940958873365e-05
rs_chromosome10_248878	10	248878	2.95619059342026e-05
rs_chromosome12_808283	12	808283	1.22852655353453e-05
rs_chromosome11_415517	11	415517	1.03264225736726e-05
rs_chromosome4_912782	4	912782	5.42815439330415e-06
rs_chromosome12_749415	12	749415	8.02204457879072e-06
rs_chromosome9_213299	9	213299	6.52269740328333e-06
rs_chromosome11_597700	11	597700	7.79577038064848e-06
rs_chromosome9_212200	9	212200	1.06418236274817e-05
rs_chromosome11_599122	11	599122	2.49283023366368e-05
rs_chromosome12_443985	12	443985	6.12385309380013e-06
rs_chromosome16_464146	16	464146	1.14729085206293e-05
rs_chromosome5_266836	5	266836	8.20122439943669e-06
rs_chromosome14_273091	14	273091	3.04232133731409e-07
rs_chromosome11_174125	11	174125	2.27386463372881e-06
rs_chromosome10_355601	10	355601	9.54067459089125e-06
rs_chromosome16_453106	16	453106	1.01355306804183e-05
rs_chromosome13_783184	13	783184	4.35464561149865e-06
rs_chromosome13_767539	13	767539	4.78362851507847e-06
rs_chromosome4_1038620	4	1038620	6.89250929345615e-06
rs_chromosome16_299549	16	299549	1.8262358877355e-05
rs_chromosome12_244993	12	244993	1.04351982763009e-05
rs_chromosome8_507449	8	507449	2.94911900899683e-06
rs_chromosome7_623199	7	623199	1.55862358738752e-05
rs_chromosome12_616887	12	616887	1.11808545140128e-05
rs_chromosome16_514990	16	514990	5.87795608953393e-06
rs_chromosome4_714933	4	714933	7.01935464850405e-06
rs_chromosome7_531741	7	531741	9.0929349885508e-07
rs_chromosome14_532165	14	532165	4.89920084826418e-06
rs_chromosome4_1461432	4	1461432	9.65160174245788e-06
rs_chromosome8_521408	8	521408	1.10905869767371e-06
rs_chromosome11_207353	11	207353	4.19641236405343e-06
rs_chromosome11_355103	11	355103	7.28845251163123e-06
rs_chromosome11_355082	11	355082	7.28845251163123e-06
rs_chromosome11_355074	11	355074	7.28845251163123e-06
rs_chromosome8_521352	8	521352	1.053639575923e-05
rs_chromosome15_574776	15	574776	1.52608008178308e-05
rs_chromosome11_209311	11	209311	1.54852105736238e-05
rs_chromosome4_545751	4	545751	1.98611558243194e-05
rs_chromosome8_436061	8	436061	1.91689728208144e-05
rs_chromosome11_415531	11	415531	9.00978145652268e-06
rs_chromosome11_415456	11	415456	9.00978145652268e-06
rs_chromosome11_415894	11	415894	9.00978145652268e-06
rs_chromosome12_47080	12	47080	1.04348940329474e-05
rs_chromosome14_306326	14	306326	4.97850020828601e-06
rs_chromosome12_1007694	12	1007694	1.25535054613901e-05
rs_chromosome13_587706	13	587706	2.07061505769879e-06
rs_chromosome8_507449	8	507449	3.3376559523991e-05
rs_chromosome10_79806	10	79806	4.75337502211994e-06
rs_chromosome4_1496077	4	1496077	1.17209158935521e-05
rs_chromosome4_32090	4	32090	1.20614846448541e-05
rs_chromosome6_249999	6	249999	1.17904067523934e-05
rs_chromosome12_713180	12	713180	2.08534617985141e-05
rs_chromosome11_509718	11	509718	1.2473133305996e-05
rs_chromosome7_995158	7	995158	2.49634453252834e-06
rs_chromosome9_77291	9	77291	2.87852202166249e-05
rs_chromosome16_513619	16	513619	3.90684811986403e-06
rs_chromosome2_653427	2	653427	1.60559397562613e-05
rs_chromosome12_30930	12	30930	1.23884418238748e-05
rs_chromosome5_442769	5	442769	1.31811655112274e-05
rs_chromosome4_75655	4	75655	5.15139738082047e-06
rs_chromosome13_440977	13	440977	1.05720255108739e-05
rs_chromosome3_152773	3	152773	3.69640008947697e-06
rs_chromosome13_881617	13	881617	1.12057940622732e-05
rs_chromosome13_882406	13	882406	1.12057940622732e-05
rs_chromosome13_882391	13	882391	1.19264060882658e-05
rs_chromosome12_107151	12	107151	1.45179581539776e-05
rs_chromosome15_915687	15	915687	2.76878808386794e-05
rs_chromosome11_85821	11	85821	4.15659975087091e-05
rs_chromosome12_143093	12	143093	6.84844714874671e-06
rs_chromosome12_143164	12	143164	1.04122212421077e-05
rs_chromosome4_1196570	4	1196570	1.43661362321315e-06
rs_chromosome4_1196547	4	1196547	1.43661362321315e-06
rs_chromosome4_1196603	4	1196603	1.43661362321315e-06
rs_chromosome4_1196539	4	1196539	6.85289517665322e-06
rs_chromosome4_1196516	4	1196516	6.85289517665322e-06
rs_chromosome4_1196567	4	1196567	6.85289517665322e-06
rs_chromosome16_844001	16	844001	1.19131325467795e-05
rs_chromosome7_680773	7	680773	7.35998280536464e-06
rs_chromosome14_533282	14	533282	1.75383530255689e-05
rs_chromosome9_153593	9	153593	1.16059639640128e-05
rs_chromosome9_302140	9	302140	1.0770187464835e-05
rs_chromosome15_422344	15	422344	5.40696027204286e-07
rs_chromosome15_422245	15	422245	5.40696027204286e-07
rs_chromosome15_418052	15	418052	2.22719579730707e-06
rs_chromosome15_424870	15	424870	6.38731727575451e-06
rs_chromosome15_425184	15	425184	6.38731727575451e-06
rs_chromosome15_425669	15	425669	6.38731727575451e-06
rs_chromosome15_425281	15	425281	6.38731727575451e-06
rs_chromosome15_425185	15	425185	6.38731727575451e-06
rs_chromosome15_424963	15	424963	6.38731727575451e-06
rs_chromosome15_425229	15	425229	6.38731727575451e-06
rs_chromosome15_425151	15	425151	6.38731727575451e-06
rs_chromosome15_425041	15	425041	6.38731727575451e-06
rs_chromosome15_424705	15	424705	8.19681041396546e-06
rs_chromosome9_283475	9	283475	8.95096125960099e-06
rs_chromosome3_56873	3	56873	1.74952116536701e-05
rs_chromosome15_382535	15	382535	2.54924176132327e-05
rs_chromosome15_382459	15	382459	2.54924176132327e-05
rs_chromosome3_145988	3	145988	5.92677462837684e-06
rs_chromosome13_614847	13	614847	9.18330538264592e-06
rs_chromosome13_616481	13	616481	1.74057377908879e-05
rs_chromosome9_169666	9	169666	2.29545835804945e-05
rs_chromosome9_169671	9	169671	2.29545835804945e-05
rs_chromosome14_55037	14	55037	2.13229604318124e-05
rs_chromosome14_54995	14	54995	2.13229604318124e-05
rs_chromosome4_41927	4	41927	1.60142165202018e-05
rs_chromosome8_264793	8	264793	1.07810802951536e-05
rs_chromosome8_265200	8	265200	1.6593252927388e-05
rs_chromosome10_348584	10	348584	1.16291478206881e-05
rs_chromosome4_277971	4	277971	3.59943758855475e-06
rs_chromosome7_773198	7	773198	7.02128918876048e-06
rs_chromosome11_283904	11	283904	7.39809001598582e-06
rs_chromosome10_562628	10	562628	3.78055638339844e-06
rs_chromosome6_242595	6	242595	5.46502580192534e-06
rs_chromosome6_242717	6	242717	1.26593301945661e-05
rs_chromosome14_584076	14	584076	2.44531349711517e-05
rs_chromosome11_270096	11	270096	9.32208991498579e-06
rs_chromosome15_1036829	15	1036829	1.82042430639829e-06
rs_chromosome4_727987	4	727987	4.6047971341474e-06
rs_chromosome7_852310	7	852310	2.93541235244546e-07
rs_chromosome7_852133	7	852133	1.34699132120168e-06
rs_chromosome2_654388	2	654388	1.57935134542682e-06
rs_chromosome16_228950	16	228950	1.27178082632443e-05
rs_chromosome2_654127	2	654127	1.86811178178705e-05
rs_chromosome4_167687	4	167687	3.16184555891439e-05
rs_chromosome11_509718	11	509718	3.48882416983409e-06
rs_chromosome11_509797	11	509797	4.87495897484874e-06
rs_chromosome7_316827	7	316827	1.69688094529943e-05
rs_chromosome11_322176	11	322176	1.75822189308261e-05
rs_chromosome12_894324	12	894324	1.21211388973576e-05
rs_chromosome10_196206	10	196206	2.39153037215651e-05
rs_chromosome10_690731	10	690731	5.34101479618423e-06
rs_chromosome11_270990	11	270990	3.49492995443789e-06
rs_chromosome11_270883	11	270883	3.66026971507503e-06
rs_chromosome11_271323	11	271323	6.11581561794446e-06
rs_chromosome11_267171	11	267171	1.2110574431535e-05
rs_chromosome4_1334925	4	1334925	8.14945319899997e-06
rs_chromosome9_329523	9	329523	1.90136646045385e-06
rs_chromosome12_974945	12	974945	4.19097094551115e-06
rs_chromosome12_974574	12	974574	4.19097094551115e-06
rs_chromosome5_364042	5	364042	1.22308050704204e-05
rs_chromosome2_38779	2	38779	1.23956361516937e-05
rs_chromosome16_917515	16	917515	1.34249937165937e-05
rs_chromosome14_717218	14	717218	7.41755447196309e-06
rs_chromosome4_1291853	4	1291853	1.06755712265656e-05
rs_chromosome16_516780	16	516780	1.11180171681919e-05
rs_chromosome10_709864	10	709864	9.64613618237666e-06
rs_chromosome15_499801	15	499801	1.06031769589463e-05
rs_chromosome10_620583	10	620583	2.22520292454925e-05
rs_chromosome4_172151	4	172151	2.25842386636519e-05
rs_chromosome7_951659	7	951659	1.97885518985556e-05
rs_chromosome11_231462	11	231462	7.52063664893934e-07
rs_chromosome11_231216	11	231216	1.48648354225042e-05
rs_chromosome15_92932	15	92932	2.49683137907718e-05
rs_chromosome7_505867	7	505867	7.03769850050106e-06
rs_chromosome16_91792	16	91792	7.59823806663769e-06
rs_chromosome16_571717	16	571717	1.7308173243785e-05
rs_chromosome7_1060496	7	1060496	8.73435124162529e-06
rs_chromosome4_1509666	4	1509666	1.52565489730374e-05
rs_chromosome4_854367	4	854367	1.62822918222685e-05
rs_chromosome9_371627	9	371627	1.25861138306764e-05
rs_chromosome12_607637	12	607637	1.17891524496077e-05
rs_chromosome8_242300	8	242300	1.02242435345739e-05
rs_chromosome11_284914	11	284914	2.52380858709624e-06
rs_chromosome11_270096	11	270096	3.56735150983416e-06
rs_chromosome12_926836	12	926836	5.03688134986552e-06
rs_chromosome11_267171	11	267171	1.26877942647096e-05
rs_chromosome4_458851	4	458851	8.18841756285691e-06
rs_chromosome16_591845	16	591845	2.26851834010099e-05
rs_chromosome16_593234	16	593234	2.26851834010099e-05
rs_chromosome16_594667	16	594667	2.26851834010099e-05
rs_chromosome16_594633	16	594633	2.26851834010099e-05
rs_chromosome16_591791	16	591791	2.26851834010099e-05
rs_chromosome16_591603	16	591603	2.26851834010099e-05
rs_chromosome4_253602	4	253602	1.0888707896426e-05
rs_chromosome4_252925	4	252925	1.0888707896426e-05
rs_chromosome13_489572	13	489572	6.50127758093586e-06
rs_chromosome7_77580	7	77580	6.05453913067856e-06
rs_chromosome16_35342	16	35342	2.03792666112418e-05
rs_chromosome16_35338	16	35338	2.03792666112418e-05
rs_chromosome7_994715	7	994715	1.22621397685536e-05
rs_chromosome13_615436	13	615436	1.9292795363559e-05
rs_chromosome16_381702	16	381702	1.26314609841169e-05
rs_chromosome15_448831	15	448831	6.40806593936288e-06
rs_chromosome15_448830	15	448830	6.40806593936288e-06
rs_chromosome15_448820	15	448820	7.84600439942324e-06
rs_chromosome12_444770	12	444770	3.05960965017488e-05
rs_chromosome11_258001	11	258001	4.45435818651529e-07
rs_chromosome2_152455	2	152455	8.35412607430809e-06
rs_chromosome9_41810	9	41810	1.17493098052038e-06
rs_chromosome16_155901	16	155901	1.59857689848463e-05
rs_chromosome11_167518	11	167518	3.43978711965852e-06
rs_chromosome16_162337	16	162337	1.18701079009849e-05
rs_chromosome11_405007	11	405007	2.45494580001413e-06
rs_chromosome15_998421	15	998421	1.05284380543752e-05
rs_chromosome14_671826	14	671826	1.53657972214519e-05
rs_chromosome16_180828	16	180828	5.18167577651194e-06
rs_chromosome16_901087	16	901087	9.17343148703591e-06
rs_chromosome11_367768	11	367768	4.52886435972729e-06
rs_chromosome10_358957	10	358957	4.69867744906187e-06
rs_chromosome1_89430	1	89430	6.71637741967549e-06
rs_chromosome15_630972	15	630972	7.3225057053981e-06
rs_chromosome5_105854	5	105854	5.67944657048274e-06
rs_chromosome9_181676	9	181676	7.30251467024153e-06
rs_chromosome7_324452	7	324452	1.40036179794506e-06
rs_chromosome7_323923	7	323923	1.52927192971994e-06
rs_chromosome7_325307	7	325307	3.20402705135195e-06
rs_chromosome7_325306	7	325306	3.20402705135195e-06
rs_chromosome3_196331	3	196331	8.53255764159501e-06
rs_chromosome14_140504	14	140504	1.01162591914092e-05
rs_chromosome14_140470	14	140470	1.01162591914092e-05
rs_chromosome12_92595	12	92595	1.13052071209275e-05
rs_chromosome7_324062	7	324062	1.19827327010656e-05
rs_chromosome11_355096	11	355096	1.32704234291947e-05
rs_chromosome1_59976	1	59976	2.22823294584721e-06
rs_chromosome14_470440	14	470440	6.33533121409988e-06
rs_chromosome14_470330	14	470330	6.33533121409988e-06
rs_chromosome5_125757	5	125757	2.11627612842322e-05
rs_chromosome14_470844	14	470844	2.22454265935415e-05
rs_chromosome15_716400	15	716400	6.37320460578871e-07
rs_chromosome2_435637	2	435637	1.22376445254571e-05
rs_chromosome13_696957	13	696957	1.92639930888528e-05
rs_chromosome11_277754	11	277754	1.39593218175607e-05
rs_chromosome10_276704	10	276704	8.65347479730983e-06
rs_chromosome7_152410	7	152410	1.04376607180968e-05
rs_chromosome2_113236	2	113236	4.98076900249478e-06
rs_chromosome11_328373	11	328373	1.50704722312554e-05
rs_chromosome14_615324	14	615324	7.85384530011032e-06
rs_chromosome9_211519	9	211519	2.22610227052151e-06
rs_chromosome9_211211	9	211211	5.44599880842964e-06
rs_chromosome2_205834	2	205834	9.0128021325977e-06
rs_chromosome9_72672	9	72672	6.67708084398516e-06
rs_chromosome9_93219	9	93219	6.07344804782849e-06
rs_chromosome11_440451	11	440451	5.29222015920785e-06
rs_chromosome10_406945	10	406945	5.27445202975647e-06
rs_chromosome14_389356	14	389356	8.32615259014127e-06
rs_chromosome14_388819	14	388819	1.51159141355124e-05
rs_chromosome12_102251	12	102251	1.81754998219696e-05
rs_chromosome10_280016	10	280016	7.53168146562009e-07
rs_chromosome4_642326	4	642326	1.84888956991567e-05
rs_chromosome15_91150	15	91150	1.08393057443042e-06
rs_chromosome2_406057	2	406057	2.13884449306023e-05
rs_chromosome4_553670	4	553670	2.58056353532396e-05
rs_chromosome5_364042	5	364042	3.16513677686735e-05
rs_chromosome2_744466	2	744466	7.14370033350973e-07
rs_chromosome8_372470	8	372470	1.3420909834333e-05
rs_chromosome8_372533	8	372533	1.67790625982951e-05
rs_chromosome13_668408	13	668408	2.92536862273581e-06
rs_chromosome13_716317	13	716317	5.88669186924042e-06
rs_chromosome11_270096	11	270096	7.121484952927e-06
rs_chromosome15_189504	15	189504	2.61852733321778e-05
rs_chromosome3_230773	3	230773	1.43344706324325e-05
rs_chromosome14_655912	14	655912	2.20866048405133e-05
rs_chromosome5_119388	5	119388	2.5893544504513e-05
rs_chromosome15_638733	15	638733	1.05888069468201e-05
rs_chromosome15_638603	15	638603	2.03661010164448e-05
rs_chromosome4_961189	4	961189	1.32974003140426e-05
rs_chromosome11_271323	11	271323	6.15997149407467e-06
rs_chromosome12_749442	12	749442	7.19314653083142e-06
rs_chromosome11_288252	11	288252	6.07656148769383e-06
rs_chromosome11_288285	11	288285	6.07656148769383e-06
rs_chromosome11_288301	11	288301	9.81573077729115e-06
rs_chromosome8_506159	8	506159	1.12010544412511e-05
rs_chromosome12_617239	12	617239	1.10558823756411e-05
rs_chromosome13_776237	13	776237	9.03075907541521e-06
rs_chromosome4_70718	4	70718	1.36964293419176e-06
rs_chromosome4_474625	4	474625	8.23651685845387e-06
rs_chromosome1_37369	1	37369	1.64604830191642e-06
rs_chromosome12_647936	12	647936	1.83883523380172e-05
rs_chromosome2_382146	2	382146	1.48273230958545e-05
rs_chromosome15_1021635	15	1021635	1.88344979899304e-05
rs_chromosome2_58496	2	58496	1.31867083534505e-05
rs_chromosome12_411640	12	411640	6.68210901586723e-06
rs_chromosome12_411643	12	411643	6.68210901586723e-06
rs_chromosome12_411637	12	411637	6.68210901586723e-06
rs_chromosome12_411634	12	411634	6.68210901586723e-06
rs_chromosome11_147977	11	147977	2.02787848086335e-05
rs_chromosome12_736739	12	736739	7.48211636402704e-07
rs_chromosome12_729050	12	729050	4.87111785611405e-06
rs_chromosome14_403835	14	403835	1.09888919067866e-05
rs_chromosome10_563508	10	563508	2.18110142043493e-05
rs_chromosome2_21612	2	21612	2.42046549541033e-05
rs_chromosome15_735907	15	735907	6.6436276540917e-06
rs_chromosome15_736006	15	736006	6.6436276540917e-06
rs_chromosome3_238260	3	238260	6.17101527163562e-06
rs_chromosome9_72998	9	72998	2.02323636049837e-05
rs_chromosome4_410364	4	410364	7.58596132683716e-06
rs_chromosome13_693184	13	693184	1.27221023364506e-05
rs_chromosome13_693249	13	693249	1.27221023364506e-05
rs_chromosome16_639626	16	639626	2.02278445385664e-05
rs_chromosome10_629316	10	629316	4.57841233638257e-06
rs_chromosome14_421631	14	421631	9.92670052784945e-06
rs_chromosome4_1132581	4	1132581	1.00771654642663e-05
rs_chromosome12_514845	12	514845	1.19587781572011e-06
rs_chromosome12_514634	12	514634	1.49222105435945e-06
rs_chromosome7_990609	7	990609	1.15698010409356e-05
rs_chromosome7_990610	7	990610	1.15698010409356e-05
rs_chromosome7_129074	7	129074	5.27885592422783e-06
rs_chromosome15_860684	15	860684	1.41369476049085e-05
rs_chromosome9_72950	9	72950	1.44122067264534e-05
rs_chromosome2_172113	2	172113	1.44636722069843e-05
rs_chromosome15_186571	15	186571	2.08204215786912e-05
rs_chromosome7_504168	7	504168	3.72462345692905e-06
rs_chromosome11_631559	11	631559	1.36125685353579e-05
rs_chromosome2_88087	2	88087	1.13241667903223e-05
rs_chromosome15_152215	15	152215	1.71685144190605e-05
rs_chromosome4_74634	4	74634	1.67782657347009e-05
rs_chromosome2_82363	2	82363	4.23519904287329e-07
rs_chromosome9_391028	9	391028	1.47700911534561e-05
rs_chromosome2_744816	2	744816	2.22977312717719e-05
rs_chromosome2_744823	2	744823	2.22977312717719e-05
rs_chromosome15_174678	15	174678	6.57843839610702e-06
rs_chromosome15_175332	15	175332	6.57843839610702e-06
rs_chromosome15_175290	15	175290	6.57843839610702e-06
rs_chromosome15_175470	15	175470	6.57843839610702e-06
rs_chromosome15_175142	15	175142	6.57843839610702e-06
rs_chromosome13_673803	13	673803	1.13734990883195e-05
rs_chromosome4_210833	4	210833	1.13927723477365e-05
rs_chromosome12_673111	12	673111	3.25745412554772e-06
rs_chromosome11_394215	11	394215	1.65704460733438e-05
rs_chromosome4_1346703	4	1346703	1.11795619342528e-05
rs_chromosome11_467744	11	467744	2.28912023291818e-05
rs_chromosome11_467777	11	467777	2.28912023291818e-05
rs_chromosome13_868542	13	868542	1.44844285939553e-05
rs_chromosome3_105854	3	105854	1.14942359729221e-05
rs_chromosome7_999559	7	999559	1.93661006998604e-06
rs_chromosome14_723395	14	723395	8.69660658613809e-06
rs_chromosome2_71420	2	71420	1.79670038663919e-05
rs_chromosome14_588959	14	588959	9.98396000473028e-06
rs_chromosome12_599986	12	599986	3.30756377135284e-06
rs_chromosome9_37564	9	37564	1.19992786624858e-05
rs_chromosome9_37636	9	37636	1.19992786624858e-05
rs_chromosome9_37570	9	37570	1.19992786624858e-05
rs_chromosome15_604256	15	604256	3.01947659755228e-05
rs_chromosome13_225581	13	225581	3.32592705533504e-05
rs_chromosome7_512835	7	512835	9.07750095178674e-06
rs_chromosome15_91150	15	91150	5.17674466601181e-06
rs_chromosome15_515279	15	515279	1.57933131195989e-05
rs_chromosome15_515506	15	515506	1.57933131195989e-05
rs_chromosome15_515780	15	515780	1.57933131195989e-05
rs_chromosome15_515138	15	515138	1.57933131195989e-05
rs_chromosome15_515720	15	515720	1.57933131195989e-05
rs_chromosome15_515116	15	515116	1.57933131195989e-05
rs_chromosome15_515728	15	515728	1.57933131195989e-05
rs_chromosome15_515471	15	515471	1.57933131195989e-05
rs_chromosome15_515726	15	515726	1.57933131195989e-05
rs_chromosome15_515169	15	515169	1.57933131195991e-05
rs_chromosome7_1022119	7	1022119	1.21558039072641e-05
rs_chromosome3_143625	3	143625	5.63454528574162e-06
rs_chromosome12_24926	12	24926	1.14422848917095e-05
rs_chromosome3_154683	3	154683	1.17936101264698e-05
rs_chromosome3_143576	3	143576	1.41418805741207e-05
rs_chromosome3_143575	3	143575	1.41418805741207e-05
rs_chromosome9_47222	9	47222	2.97115155792296e-05
rs_chromosome11_395161	11	395161	1.42531090798556e-05
rs_chromosome8_93574	8	93574	1.64951859065596e-05
rs_chromosome8_93585	8	93585	1.64951859065596e-05
rs_chromosome9_72762	9	72762	1.09634258776265e-05
rs_chromosome9_72784	9	72784	1.09634258776265e-05
rs_chromosome9_72757	9	72757	1.09634258776265e-05
rs_chromosome7_482923	7	482923	5.35116873437216e-06
rs_chromosome12_387257	12	387257	7.58044141318989e-06
rs_chromosome12_991073	12	991073	4.09630778554994e-06
rs_chromosome5_465077	5	465077	1.67929640204776e-05
rs_chromosome12_517614	12	517614	4.96217058837592e-07
rs_chromosome10_562628	10	562628	2.03231851760047e-06
rs_chromosome12_972375	12	972375	3.4947730267756e-07
rs_chromosome16_450989	16	450989	9.58392112337248e-07
rs_chromosome9_257018	9	257018	2.20000455041233e-06
rs_chromosome12_968703	12	968703	1.0282953942432e-05
rs_chromosome12_968902	12	968902	1.07678785240466e-05
rs_chromosome14_689569	14	689569	1.26462424002556e-05
rs_chromosome14_689983	14	689983	1.26462424002556e-05
rs_chromosome15_424523	15	424523	1.40805587475841e-05
rs_chromosome15_424216	15	424216	1.7312894788129e-05
rs_chromosome13_609447	13	609447	1.84785262595778e-05
rs_chromosome6_134248	6	134248	1.84087868493402e-05
rs_chromosome12_375309	12	375309	8.60923607048746e-06
rs_chromosome12_375310	12	375310	1.76029416571378e-05
rs_chromosome4_41927	4	41927	3.67779817448822e-06
rs_chromosome5_490306	5	490306	6.34266238404043e-07
rs_chromosome5_490291	5	490291	4.56285011960607e-06
rs_chromosome12_947402	12	947402	2.01522305447963e-05
rs_chromosome16_296330	16	296330	9.32105132481582e-06
rs_chromosome16_295831	16	295831	9.32105132481582e-06
rs_chromosome16_85175	16	85175	1.42432522562979e-05
rs_chromosome12_851969	12	851969	3.53489374969351e-06
rs_chromosome12_857426	12	857426	5.43866653294383e-06
rs_chromosome16_453447	16	453447	9.308115691083e-06
rs_chromosome7_300865	7	300865	5.26652692919798e-06
rs_chromosome7_300904	7	300904	5.26652692919798e-06
rs_chromosome12_935848	12	935848	9.89725164648611e-06
rs_chromosome16_96934	16	96934	1.17187749622614e-05
rs_chromosome15_186571	15	186571	1.35983053384082e-05
rs_chromosome4_78181	4	78181	7.50872178463451e-06
rs_chromosome4_78264	4	78264	1.12774095557094e-05
rs_chromosome9_78571	9	78571	2.40316917227928e-05
rs_chromosome4_367042	4	367042	1.53148298164176e-05
rs_chromosome13_410451	13	410451	6.6856601373948e-06
rs_chromosome15_91150	15	91150	2.92863740935359e-06
rs_chromosome1_118606	1	118606	6.74555755079571e-06
rs_chromosome12_1016099	12	1016099	1.32776427605939e-05
rs_chromosome15_186571	15	186571	7.35770303447495e-06
rs_chromosome15_814826	15	814826	5.55186936639035e-06
rs_chromosome12_342885	12	342885	1.6193211189171e-05
rs_chromosome12_745185	12	745185	1.45912272989819e-05
rs_chromosome10_378557	10	378557	6.34125859550437e-06
rs_chromosome15_987496	15	987496	7.26910419780148e-06
rs_chromosome10_555458	10	555458	3.29713452463703e-05
rs_chromosome13_572164	13	572164	1.18170659692519e-05
rs_chromosome7_675625	7	675625	1.20525355807143e-05
rs_chromosome4_674711	4	674711	1.37510552390859e-05
rs_chromosome13_310152	13	310152	1.71244932080892e-06
rs_chromosome15_293123	15	293123	8.78193728680959e-06
rs_chromosome4_841276	4	841276	7.00319224759306e-07
rs_chromosome12_279488	12	279488	1.08361850174833e-06
rs_chromosome4_842380	4	842380	1.55387484801168e-06
rs_chromosome7_108556	7	108556	1.21746774898376e-05
rs_chromosome15_728123	15	728123	1.3556216574016e-05
rs_chromosome11_394215	11	394215	1.26193601775192e-05
rs_chromosome9_181676	9	181676	1.48231375065537e-06
rs_chromosome4_1139987	4	1139987	2.78503033526298e-06
rs_chromosome9_39104	9	39104	2.12047289609892e-06
rs_chromosome13_572747	13	572747	6.44503800375365e-06
rs_chromosome13_572794	13	572794	7.62481927430988e-06
rs_chromosome8_248390	8	248390	2.04937320334311e-05
rs_chromosome4_810702	4	810702	1.3332763253689e-06
rs_chromosome15_968504	15	968504	2.64339941634451e-05
rs_chromosome11_631559	11	631559	1.58520969467115e-05
rs_chromosome14_23318	14	23318	1.80047065988867e-06
rs_chromosome14_149537	14	149537	1.52336078665747e-05
rs_chromosome12_150660	12	150660	6.94204553534835e-06
rs_chromosome12_150816	12	150816	6.94204553534835e-06
rs_chromosome7_592001	7	592001	9.60150440204822e-06
rs_chromosome12_116337	12	116337	1.68993694894274e-05
rs_chromosome10_416522	10	416522	6.98994287292441e-06
rs_chromosome15_752247	15	752247	1.13599176638909e-05
rs_chromosome15_752248	15	752248	1.13599176638909e-05
rs_chromosome8_203274	8	203274	1.25626498102471e-05
rs_chromosome8_203255	8	203255	1.25626498102471e-05
rs_chromosome14_653385	14	653385	2.9903778312688e-05
rs_chromosome11_186216	11	186216	6.70792499872652e-06
rs_chromosome12_530350	12	530350	7.66586822916961e-06
rs_chromosome12_509796	12	509796	8.89727569630826e-06
rs_chromosome14_674132	14	674132	1.72823648142654e-05
rs_chromosome14_674165	14	674165	1.72823648142654e-05
rs_chromosome14_116051	14	116051	3.61564033320247e-06
rs_chromosome15_424847	15	424847	1.77878956254164e-05
rs_chromosome14_112128	14	112128	1.96493108770656e-05
rs_chromosome15_423829	15	423829	2.33049558964028e-05
rs_chromosome7_1001148	7	1001148	2.56710018823613e-05
rs_chromosome11_269100	11	269100	9.56446982736626e-06
rs_chromosome14_262400	14	262400	4.78676346157642e-06
rs_chromosome14_235358	14	235358	1.04760751964509e-05
rs_chromosome7_160076	7	160076	2.70682858469257e-05
rs_chromosome8_374064	8	374064	4.77876982112706e-06
rs_chromosome11_520276	11	520276	1.01512028506973e-05
rs_chromosome8_282930	8	282930	1.76229208364517e-05
rs_chromosome4_1176138	4	1176138	1.29488056976469e-05
rs_chromosome10_566656	10	566656	2.86845647476074e-06
rs_chromosome2_254124	2	254124	3.04437924826634e-06
rs_chromosome10_564566	10	564566	3.98328746158792e-06
rs_chromosome2_88087	2	88087	1.8282024236414e-06
rs_chromosome2_461771	2	461771	6.00151430240939e-06
rs_chromosome4_371308	4	371308	1.18960096937428e-05
rs_chromosome13_318119	13	318119	1.04631357392873e-05
rs_chromosome11_631559	11	631559	2.26887768190643e-06
rs_chromosome4_1214371	4	1214371	1.6398273638666e-06
rs_chromosome16_478277	16	478277	4.82532238974792e-06
rs_chromosome5_66141	5	66141	1.04819074464115e-05
rs_chromosome15_58998	15	58998	2.56046042063654e-05
rs_chromosome12_559835	12	559835	6.4578879320254e-06
rs_chromosome2_790890	2	790890	1.16747764869841e-05
rs_chromosome11_84259	11	84259	2.0345817520834e-06
rs_chromosome14_276550	14	276550	3.1430817329308e-06
rs_chromosome1_155946	1	155946	8.38494613760052e-06
rs_chromosome1_101471	1	101471	1.70670612395808e-05
rs_chromosome4_193107	4	193107	5.89255276584555e-06
rs_chromosome4_193214	4	193214	5.89255276584555e-06
rs_chromosome3_24492	3	24492	6.70591939980107e-06
rs_chromosome13_470412	13	470412	1.1096317134156e-06
rs_chromosome7_374567	7	374567	7.20935063861489e-06
rs_chromosome8_507449	8	507449	5.61367345643611e-06
rs_chromosome1_192693	1	192693	2.75353314128609e-06
rs_chromosome7_1060496	7	1060496	6.4134146373057e-06
rs_chromosome3_118354	3	118354	1.05986237970448e-07
rs_chromosome14_482960	14	482960	2.02434841786685e-06
rs_chromosome15_1004312	15	1004312	5.45030166049937e-06
rs_chromosome9_217890	9	217890	9.04084214065709e-06
rs_chromosome14_136579	14	136579	2.29835019148048e-05
rs_chromosome14_136375	14	136375	2.29835019148048e-05
rs_chromosome14_135752	14	135752	2.72437004205075e-05
rs_chromosome14_135928	14	135928	3.01962319525903e-05
rs_chromosome14_537504	14	537504	1.2692204698929e-06
rs_chromosome14_537423	14	537423	4.96979898096832e-06
rs_chromosome11_271323	11	271323	2.59355084207022e-06
rs_chromosome4_1196603	4	1196603	2.11599650183611e-05
rs_chromosome4_1196547	4	1196547	2.11599650183611e-05
rs_chromosome4_1196570	4	1196570	2.11599650183611e-05
rs_chromosome16_430227	16	430227	1.18424507339895e-06
rs_chromosome16_429656	16	429656	5.92282738582965e-06
rs_chromosome3_20844	3	20844	7.55059163496146e-06
rs_chromosome16_453447	16	453447	1.2162748865035e-05
rs_chromosome14_724364	14	724364	1.11346809154957e-05
rs_chromosome10_445395	10	445395	1.75207255157964e-06
rs_chromosome9_39104	9	39104	3.61992615827801e-07
rs_chromosome7_284172	7	284172	7.1014822949087e-06
rs_chromosome15_469816	15	469816	1.40632486556163e-05
rs_chromosome15_611203	15	611203	9.91257681557946e-06
rs_chromosome15_614212	15	614212	1.62676772335991e-05
rs_chromosome7_482923	7	482923	1.39706635594899e-05
rs_chromosome4_972465	4	972465	6.99152947720073e-06
rs_chromosome14_754857	14	754857	2.21859040844037e-05
rs_chromosome16_917515	16	917515	7.26657591874076e-06
rs_chromosome13_673975	13	673975	1.27461577322675e-05
rs_chromosome12_1001278	12	1001278	1.71043004463008e-05
rs_chromosome7_98668	7	98668	9.79469356572228e-06
rs_chromosome7_98671	7	98671	9.79469356572228e-06
rs_chromosome7_98211	7	98211	9.79469356572228e-06
rs_chromosome5_27272	5	27272	3.71532401182503e-06
rs_chromosome4_78264	4	78264	5.24895230774814e-06
rs_chromosome4_78181	4	78181	1.90925617317407e-05
rs_chromosome7_803618	7	803618	1.26916054571404e-05
rs_chromosome4_1462739	4	1462739	1.20266318848663e-05
rs_chromosome9_55663	9	55663	7.29184903506974e-06
rs_chromosome13_609992	13	609992	1.93968728901077e-05
rs_chromosome11_337602	11	337602	1.4152961883682e-05
rs_chromosome5_168930	5	168930	8.73211899106805e-06
rs_chromosome2_589593	2	589593	2.00104624445012e-05
rs_chromosome9_72564	9	72564	1.05299042525677e-05
rs_chromosome9_72621	9	72621	1.05299042525677e-05
rs_chromosome11_267822	11	267822	1.77115182232675e-05
rs_chromosome11_267639	11	267639	2.92349887484659e-05
rs_chromosome12_668131	12	668131	1.0414466175227e-05
rs_chromosome12_226577	12	226577	1.56255558881868e-05
rs_chromosome16_297034	16	297034	2.07529863246065e-05
rs_chromosome6_45929	6	45929	1.56334178626965e-05
rs_chromosome1_91614	1	91614	2.47489643162288e-06
rs_chromosome14_491107	14	491107	5.96971686970165e-06
rs_chromosome14_506144	14	506144	1.3132453046669e-05
rs_chromosome11_351078	11	351078	1.19835816479565e-05
rs_chromosome8_447930	8	447930	2.10720124414206e-06
rs_chromosome4_1485403	4	1485403	6.67339529504975e-06
rs_chromosome4_1507981	4	1507981	7.46312579560492e-06
rs_chromosome15_394003	15	394003	1.45234366332276e-06
rs_chromosome10_446453	10	446453	9.54430336925726e-06
rs_chromosome11_84259	11	84259	3.06310460341767e-06
rs_chromosome14_653635	14	653635	1.56193118165096e-05
rs_chromosome12_125849	12	125849	6.15480915054013e-06
rs_chromosome7_1044371	7	1044371	9.91921022398791e-06
rs_chromosome15_70998	15	70998	4.16874412034461e-06
rs_chromosome6_55876	6	55876	9.29412705760286e-06
rs_chromosome4_1202081	4	1202081	1.25637054162805e-05
rs_chromosome12_64089	12	64089	1.27354327172201e-05
rs_chromosome9_61274	9	61274	1.45483580652747e-05
rs_chromosome12_80486	12	80486	1.68160272341259e-05
rs_chromosome7_1068401	7	1068401	2.20311854083448e-07
rs_chromosome9_200213	9	200213	5.57470543857305e-06
rs_chromosome9_254153	9	254153	6.36712231430636e-06
rs_chromosome7_757121	7	757121	1.19001023084854e-05
rs_chromosome13_639437	13	639437	1.07415184241125e-05
rs_chromosome7_1060496	7	1060496	7.22938151776289e-06
rs_chromosome15_842666	15	842666	3.48723508497463e-06
rs_chromosome8_22684	8	22684	1.69557196942995e-05
rs_chromosome8_22464	8	22464	1.8354647138373e-05
rs_chromosome7_664982	7	664982	7.40368166270148e-06
rs_chromosome13_204735	13	204735	9.92631617113192e-06
rs_chromosome13_470412	13	470412	1.53833170999205e-05
rs_chromosome10_699058	10	699058	1.80428842974625e-06
rs_chromosome10_346858	10	346858	3.40211190389663e-05
rs_chromosome7_763036	7	763036	1.98348749105312e-05
rs_chromosome16_93137	16	93137	2.78207677985111e-06
rs_chromosome12_68373	12	68373	1.01826128470253e-05
rs_chromosome15_422245	15	422245	1.17586413503365e-05
rs_chromosome15_422344	15	422344	1.17586413503365e-05
rs_chromosome15_422905	15	422905	1.36806167240653e-05
rs_chromosome12_1009056	12	1009056	1.54896190197091e-05
rs_chromosome12_1008837	12	1008837	1.54896190197091e-05
rs_chromosome11_284122	11	284122	1.72925744652175e-05
rs_chromosome9_276104	9	276104	1.36864534633183e-05
rs_chromosome11_271323	11	271323	2.0184817705155e-07
rs_chromosome15_680951	15	680951	2.14172302326112e-05
rs_chromosome11_576797	11	576797	2.20577155144862e-05
rs_chromosome15_868096	15	868096	1.35687324095075e-06
rs_chromosome4_970573	4	970573	1.90239580257968e-06
rs_chromosome13_63092	13	63092	8.29139390990679e-06
rs_chromosome12_832054	12	832054	1.45585668052164e-05
rs_chromosome12_831793	12	831793	1.45585668052164e-05
rs_chromosome14_679220	14	679220	3.15436311968484e-06
rs_chromosome14_679168	14	679168	7.3367363768475e-06
rs_chromosome14_679554	14	679554	2.76392936979795e-05
rs_chromosome2_653239	2	653239	3.17087239848524e-05
rs_chromosome5_502169	5	502169	9.48584264689226e-06
rs_chromosome4_458209	4	458209	1.05542733554463e-05
rs_chromosome14_456437	14	456437	2.47157945411371e-05
rs_chromosome14_764011	14	764011	1.30207674056295e-05
rs_chromosome14_763922	14	763922	1.30207674056295e-05
rs_chromosome16_891344	16	891344	1.38350241669786e-05
rs_chromosome11_179732	11	179732	3.42728908007242e-06
rs_chromosome10_593414	10	593414	7.33797336566033e-06
rs_chromosome16_52066	16	52066	5.50425841930554e-06
rs_chromosome15_442427	15	442427	2.42115085498348e-05
rs_chromosome12_849651	12	849651	7.1084392841927e-06
rs_chromosome4_458419	4	458419	6.28392935903115e-08
rs_chromosome2_623418	2	623418	4.83047973139216e-06
rs_chromosome2_623413	2	623413	4.83047973139216e-06
rs_chromosome4_358989	4	358989	5.09979690779056e-06
rs_chromosome7_682549	7	682549	1.54979647309263e-05
rs_chromosome5_43485	5	43485	1.61486487202479e-05
rs_chromosome4_162819	4	162819	2.12567184433644e-06
rs_chromosome4_162718	4	162718	2.12567184433644e-06
rs_chromosome3_209687	3	209687	1.11813081089296e-05
rs_chromosome3_209634	3	209634	1.48294124809417e-05
rs_chromosome14_613192	14	613192	3.97301517605258e-06
rs_chromosome10_629566	10	629566	1.12203640511163e-05
rs_chromosome5_547620	5	547620	3.9360311482019e-07
rs_chromosome4_1429599	4	1429599	1.18857287539513e-05
rs_chromosome16_85148	16	85148	1.24902903219548e-05
rs_chromosome16_489607	16	489607	9.58994453398483e-06
rs_chromosome4_1010668	4	1010668	1.9415597432054e-06
rs_chromosome11_615578	11	615578	1.30662137661951e-05
rs_chromosome11_579634	11	579634	1.42381493089016e-05
rs_chromosome7_754717	7	754717	1.63770042656894e-05
rs_chromosome8_387749	8	387749	2.81417319650256e-05
rs_chromosome4_58177	4	58177	4.89359993094679e-06
rs_chromosome15_952413	15	952413	6.02456589088752e-06
rs_chromosome15_950741	15	950741	9.22012785928439e-06
rs_chromosome3_201185	3	201185	9.28879328089306e-06
rs_chromosome12_346698	12	346698	6.13728726465285e-06
rs_chromosome14_537504	14	537504	1.36517400587064e-07
rs_chromosome14_537423	14	537423	6.0002480162584e-06
rs_chromosome13_892255	13	892255	3.6628358463533e-06
rs_chromosome10_702870	10	702870	3.37965320095099e-06
rs_chromosome10_702874	10	702874	8.75397802014886e-06
rs_chromosome13_587706	13	587706	1.39625592157148e-05
rs_chromosome12_528702	12	528702	1.52711667193891e-05
rs_chromosome13_91667	13	91667	5.85198789059072e-06
rs_chromosome13_91149	13	91149	1.4100027281824e-05
rs_chromosome14_215285	14	215285	2.90397264697191e-05
rs_chromosome13_421102	13	421102	1.13039055186098e-05
rs_chromosome4_746280	4	746280	5.41596385951358e-06
rs_chromosome16_589740	16	589740	1.29097538927079e-05
rs_chromosome5_197724	5	197724	9.29842670803251e-06
rs_chromosome4_912471	4	912471	1.07173313716757e-05
rs_chromosome8_55458	8	55458	1.97185203709452e-05
rs_chromosome8_55457	8	55457	1.97185203709452e-05
rs_chromosome12_548297	12	548297	1.44939069626406e-05
rs_chromosome9_254355	9	254355	1.10638190288175e-05
rs_chromosome2_718330	2	718330	3.35673097162807e-06
rs_chromosome2_169601	2	169601	8.26765192629381e-06
rs_chromosome14_306024	14	306024	2.7967520900441e-05
rs_chromosome7_850524	7	850524	8.28504577970697e-07
rs_chromosome7_851827	7	851827	1.00837150505431e-06
rs_chromosome7_850923	7	850923	1.00837150505431e-06
rs_chromosome7_850549	7	850549	1.96740759347296e-06
rs_chromosome7_849524	7	849524	2.2285513371114e-06
rs_chromosome9_281282	9	281282	5.35994057068927e-06
rs_chromosome10_404560	10	404560	9.16321085964141e-06
rs_chromosome10_404625	10	404625	9.16321085964141e-06
rs_chromosome7_851746	7	851746	1.90160377255826e-05
rs_chromosome14_425890	14	425890	2.34499752266185e-05
rs_chromosome7_796208	7	796208	5.8332410569637e-06
rs_chromosome16_565603	16	565603	8.50409189316516e-06
rs_chromosome16_565677	16	565677	8.50409189316516e-06
rs_chromosome8_364439	8	364439	8.57316015889995e-06
rs_chromosome15_1003120	15	1003120	1.95995258457181e-05
rs_chromosome1_101471	1	101471	1.17827190721365e-05
rs_chromosome4_65891	4	65891	9.54221823932927e-06
rs_chromosome5_517605	5	517605	1.29199653307546e-05
rs_chromosome16_302673	16	302673	4.35532912521568e-06
rs_chromosome2_406057	2	406057	6.40765526349353e-06
rs_chromosome12_407663	12	407663	1.34843400197961e-05
rs_chromosome8_525820	8	525820	1.67708832470495e-05
rs_chromosome9_72998	9	72998	8.23820112747717e-07
rs_chromosome9_72621	9	72621	9.54985643653616e-07
rs_chromosome9_72564	9	72564	9.54985643653616e-07
rs_chromosome9_72684	9	72684	2.30919401718286e-06
rs_chromosome9_72697	9	72697	2.30919401718286e-06
rs_chromosome9_72784	9	72784	2.99558712543997e-06
rs_chromosome9_72762	9	72762	2.99558712543997e-06
rs_chromosome9_72757	9	72757	2.99558712543997e-06
rs_chromosome9_73100	9	73100	4.84498797733622e-06
rs_chromosome9_73076	9	73076	4.84498797733622e-06
rs_chromosome9_73117	9	73117	4.84498797733622e-06
rs_chromosome9_72672	9	72672	1.10381003526046e-05
rs_chromosome9_72581	9	72581	1.4861372112924e-05
rs_chromosome9_211211	9	211211	1.88799838013836e-05
rs_chromosome4_375611	4	375611	6.66273876168955e-06
rs_chromosome10_582214	10	582214	1.13810814310957e-05
rs_chromosome4_368534	4	368534	1.88646683674943e-05
rs_chromosome12_30087	12	30087	1.19871243014266e-05
rs_chromosome16_296330	16	296330	2.57044669772365e-06
rs_chromosome16_295831	16	295831	2.57044669772365e-06
rs_chromosome16_297234	16	297234	3.35484091093483e-06
rs_chromosome15_451509	15	451509	6.3018615108849e-06
rs_chromosome8_436061	8	436061	8.13156456168715e-06
rs_chromosome16_698959	16	698959	4.25007268736887e-06
rs_chromosome7_609325	7	609325	1.06198474167479e-05
rs_chromosome4_169833	4	169833	1.84307640236772e-05
rs_chromosome10_580110	10	580110	1.04659773776839e-05
rs_chromosome4_1215616	4	1215616	2.03602337176662e-05
rs_chromosome12_744207	12	744207	1.31926075356177e-07
rs_chromosome12_749442	12	749442	2.12676742352466e-06
rs_chromosome4_1139987	4	1139987	9.9474729854536e-06
rs_chromosome16_821166	16	821166	1.07397727104927e-05
rs_chromosome15_797036	15	797036	1.4259394823836e-05
rs_chromosome14_92908	14	92908	2.67496522556648e-05
rs_chromosome5_266836	5	266836	2.81080008167824e-05
rs_chromosome12_743189	12	743189	2.93051686644513e-05
rs_chromosome14_673832	14	673832	3.19053080430945e-05
rs_chromosome14_94390	14	94390	3.32879273593176e-05
rs_chromosome3_121150	3	121150	6.59488707770959e-06
rs_chromosome4_210833	4	210833	1.97953866504262e-05
rs_chromosome4_1382829	4	1382829	9.72095645128917e-06
rs_chromosome7_528489	7	528489	3.0812118456004e-06
rs_chromosome7_528501	7	528501	1.57191489925612e-05
rs_chromosome4_22481	4	22481	1.07152896463004e-05
rs_chromosome12_104406	12	104406	4.64802385781938e-06
rs_chromosome15_415419	15	415419	1.19942220440405e-05
rs_chromosome4_614618	4	614618	7.94390049475875e-06
rs_chromosome3_152773	3	152773	1.68895558250262e-05
rs_chromosome2_469766	2	469766	3.5171082769723e-06
rs_chromosome7_621908	7	621908	9.28473125029988e-06
rs_chromosome12_1013133	12	1013133	1.03802846805036e-05
rs_chromosome14_94390	14	94390	1.36500515755743e-05
rs_chromosome6_51266	6	51266	1.29549728313813e-05
rs_chromosome2_744823	2	744823	1.40351506342936e-06
rs_chromosome2_744816	2	744816	1.40351506342936e-06
rs_chromosome12_173985	12	173985	2.82678965674436e-05
rs_chromosome7_231071	7	231071	4.35000902198413e-06
rs_chromosome1_126902	1	126902	1.73233585441366e-05
rs_chromosome7_212597	7	212597	5.75592255846468e-06
rs_chromosome11_358522	11	358522	2.4413234347855e-06
rs_chromosome16_697444	16	697444	9.09338479399164e-06
rs_chromosome2_254368	2	254368	1.07264072670535e-06
rs_chromosome2_254409	2	254409	1.07264072670535e-06
rs_chromosome2_254030	2	254030	1.07264072670535e-06
rs_chromosome7_152410	7	152410	7.54893523088226e-06
rs_chromosome13_495559	13	495559	1.94157375367745e-05
rs_chromosome3_101894	3	101894	1.91203400779444e-06
rs_chromosome4_593192	4	593192	7.4514138607033e-06
rs_chromosome3_195038	3	195038	1.67727866803888e-05
rs_chromosome7_654526	7	654526	2.02108638495956e-05
rs_chromosome1_151502	1	151502	1.07012879148517e-05
rs_chromosome1_151501	1	151501	1.07012879148517e-05
rs_chromosome12_81190	12	81190	1.63834126874716e-05
rs_chromosome10_328162	10	328162	1.38806565011537e-07
rs_chromosome14_556547	14	556547	3.08114159861926e-06
rs_chromosome11_422051	11	422051	1.0655867280211e-05
rs_chromosome16_115934	16	115934	1.02988244886822e-06
rs_chromosome10_445306	10	445306	4.73382612713045e-06
rs_chromosome9_351895	9	351895	2.07398724749181e-05
rs_chromosome16_770162	16	770162	2.11611611529065e-05
rs_chromosome11_635460	11	635460	3.38682000554767e-06
rs_chromosome12_65772	12	65772	2.37439755320898e-05
rs_chromosome14_150443	14	150443	1.41048925992071e-05
rs_chromosome5_481400	5	481400	7.57057372238939e-06
rs_chromosome5_481233	5	481233	7.57057372238939e-06
rs_chromosome8_378065	8	378065	6.09035259398871e-06
rs_chromosome15_29270	15	29270	1.50802822328705e-05
rs_chromosome9_363644	9	363644	9.77881083479031e-07
rs_chromosome15_1070669	15	1070669	2.63156159297748e-06
rs_chromosome2_58496	2	58496	1.4629402980855e-05
rs_chromosome8_51892	8	51892	7.1446156399557e-08
rs_chromosome7_547208	7	547208	8.52554624339929e-06
rs_chromosome4_1439488	4	1439488	1.45087269115769e-05
rs_chromosome4_1439872	4	1439872	1.45087269115769e-05
rs_chromosome4_1439830	4	1439830	1.45087269115769e-05
rs_chromosome7_500444	7	500444	1.25490011966313e-05
rs_chromosome13_741880	13	741880	2.3163172614961e-05
rs_chromosome14_146337	14	146337	1.8026515693637e-05
rs_chromosome3_118354	3	118354	2.24496734236674e-05
rs_chromosome6_40630	6	40630	1.08334730947437e-05
rs_chromosome11_230068	11	230068	1.12528828290651e-05
rs_chromosome11_230159	11	230159	1.12528828290651e-05
rs_chromosome10_71410	10	71410	8.13118248771372e-06
rs_chromosome3_25467	3	25467	1.23190939349815e-05
rs_chromosome16_612824	16	612824	1.74239158177773e-05
rs_chromosome7_884107	7	884107	1.788555677074e-05
rs_chromosome16_302673	16	302673	4.96178915954702e-06
rs_chromosome14_235358	14	235358	6.36159972232877e-06
rs_chromosome8_93832	8	93832	6.68837237549751e-06
rs_chromosome12_926441	12	926441	2.05597375893882e-05
rs_chromosome9_276483	9	276483	6.94168230202446e-07
rs_chromosome6_119755	6	119755	5.28142800197993e-06
rs_chromosome16_739602	16	739602	8.01911828412493e-06
rs_chromosome12_667877	12	667877	1.18456284128353e-05
rs_chromosome4_1164785	4	1164785	7.7165438083076e-06
rs_chromosome4_1202749	4	1202749	2.71911246112256e-05
rs_chromosome13_623049	13	623049	2.82871340617671e-05
rs_chromosome7_785945	7	785945	1.25909554785772e-05
rs_chromosome8_203842	8	203842	5.70407137474375e-06
rs_chromosome8_203615	8	203615	8.23057499067428e-06
rs_chromosome11_212173	11	212173	5.64054283449894e-07
rs_chromosome11_212189	11	212189	5.64054283449894e-07
rs_chromosome4_235466	4	235466	8.75911880795097e-06
rs_chromosome3_136159	3	136159	1.32282939905174e-05
rs_chromosome14_21965	14	21965	6.60128630595906e-06
rs_chromosome6_131953	6	131953	3.8034545587122e-06
rs_chromosome8_136896	8	136896	1.70781496735957e-05
rs_chromosome8_137022	8	137022	1.70781496735957e-05
rs_chromosome12_678817	12	678817	1.66077212834611e-06
rs_chromosome16_261906	16	261906	1.11560230881493e-05
rs_chromosome8_391739	8	391739	1.34285169902716e-06
rs_chromosome4_386116	4	386116	2.01140297648369e-05
rs_chromosome13_857448	13	857448	2.43397892522885e-06
rs_chromosome13_857306	13	857306	2.43397892522885e-06
rs_chromosome13_596239	13	596239	6.77147444668226e-06
rs_chromosome13_857842	13	857842	1.21609403179228e-05
rs_chromosome3_121150	3	121150	1.39599142701073e-05
rs_chromosome3_119779	3	119779	1.48782904281244e-05
rs_chromosome3_120133	3	120133	1.48782904281244e-05
rs_chromosome3_120342	3	120342	1.68161179802509e-05
rs_chromosome13_367636	13	367636	2.8928852478022e-06
rs_chromosome16_462045	16	462045	1.89768588135801e-05
rs_chromosome2_533767	2	533767	8.51998608011877e-06
rs_chromosome7_393326	7	393326	3.61694014638979e-06
rs_chromosome10_514490	10	514490	9.48205641500652e-06
rs_chromosome4_220445	4	220445	9.55349187376098e-06
rs_chromosome16_892994	16	892994	1.07619719735554e-05
rs_chromosome3_67854	3	67854	6.46842031006485e-06
rs_chromosome11_89225	11	89225	2.27459578806584e-05
rs_chromosome9_371714	9	371714	8.75389259710958e-06
rs_chromosome4_582144	4	582144	8.05490774539439e-06
rs_chromosome11_453079	11	453079	3.57254425867772e-06
rs_chromosome15_90526	15	90526	1.46447296451789e-05
rs_chromosome7_1067118	7	1067118	1.40180462369516e-05
rs_chromosome9_381277	9	381277	1.92625671124746e-05
rs_chromosome14_549415	14	549415	1.33197964898566e-05
rs_chromosome16_126544	16	126544	1.92976671281031e-08
rs_chromosome3_77849	3	77849	8.7575435481102e-06
rs_chromosome3_77866	3	77866	8.7575435481102e-06
rs_chromosome5_79231	5	79231	3.46139984968357e-06
rs_chromosome16_428691	16	428691	1.84649766818449e-05
rs_chromosome14_291122	14	291122	7.8441468283353e-06
rs_chromosome14_599953	14	599953	1.51831020753486e-05
rs_chromosome5_199270	5	199270	1.78139618233428e-05
rs_chromosome15_294547	15	294547	6.05757725911237e-06
rs_chromosome8_93908	8	93908	9.04192645689763e-06
rs_chromosome8_93848	8	93848	9.04192645689763e-06
rs_chromosome8_93842	8	93842	9.04192645689763e-06
rs_chromosome8_93839	8	93839	9.04192645689763e-06
rs_chromosome8_66700	8	66700	2.71320290738755e-06
rs_chromosome9_146308	9	146308	1.13854436841554e-05
rs_chromosome12_65772	12	65772	2.39179259932427e-06
rs_chromosome16_568030	16	568030	1.90333357828672e-05
rs_chromosome15_236253	15	236253	3.30593752108576e-07
rs_chromosome6_119755	6	119755	7.51716815105994e-06
rs_chromosome13_844923	13	844923	5.00625156259935e-07
rs_chromosome13_845646	13	845646	1.20838499807454e-05
rs_chromosome8_388130	8	388130	4.36920909795614e-06
rs_chromosome8_66700	8	66700	4.60612522999793e-06
rs_chromosome4_78181	4	78181	5.84792528170637e-06
rs_chromosome4_78264	4	78264	9.94532241655724e-06
rs_chromosome14_574949	14	574949	9.828354489363e-06
rs_chromosome4_1408733	4	1408733	7.74568264995978e-06
rs_chromosome1_68074	1	68074	1.49258125355884e-05
rs_chromosome12_548297	12	548297	2.34323346739647e-05
rs_chromosome8_137007	8	137007	1.91289736902443e-05
rs_chromosome14_600410	14	600410	2.17819878963065e-05
rs_chromosome2_476910	2	476910	8.03136308659461e-06
rs_chromosome11_405007	11	405007	5.67673289141123e-06
rs_chromosome7_490647	7	490647	1.16160732568514e-05
rs_chromosome11_84057	11	84057	1.86164723282688e-05
rs_chromosome5_490306	5	490306	2.98612575796845e-05
rs_chromosome1_115167	1	115167	1.58852080613543e-05
rs_chromosome1_113890	1	113890	1.35544231199813e-05
rs_chromosome4_1387218	4	1387218	1.45450202018485e-05
rs_chromosome10_445395	10	445395	2.08067475763279e-05
rs_chromosome10_406945	10	406945	3.39563958259886e-06
rs_chromosome11_597399	11	597399	3.73442150337947e-06
rs_chromosome16_134176	16	134176	8.80186907366974e-06
rs_chromosome3_60880	3	60880	1.3863897301688e-05
rs_chromosome15_652952	15	652952	8.04846223623794e-07
rs_chromosome13_422714	13	422714	3.70174730542655e-06
rs_chromosome4_1164785	4	1164785	6.38879619876322e-06
rs_chromosome2_520537	2	520537	5.63003134473837e-06
rs_chromosome2_254124	2	254124	8.58285243618956e-06
rs_chromosome13_588621	13	588621	1.0218515271549e-06
rs_chromosome16_453447	16	453447	6.5703999334174e-08
rs_chromosome5_520271	5	520271	9.59853609060908e-06
rs_chromosome5_89642	5	89642	1.18859649549025e-05
rs_chromosome7_1068740	7	1068740	1.54320246997107e-05
rs_chromosome7_142616	7	142616	1.25290908202085e-05
rs_chromosome7_512835	7	512835	1.09524039663699e-05
rs_chromosome12_556350	12	556350	1.04592171578407e-06
rs_chromosome12_164732	12	164732	4.51543302873652e-06
rs_chromosome11_367833	11	367833	2.41779888205281e-06
rs_chromosome13_137286	13	137286	1.78715870773221e-05
