SNP	CHR	BP	P
2749_DEL_chromosome7_735981_len_-343_TyRelated	7	735981	0.0001692815225763
4607_DEL_chromosome12_373998_len_-341_TyRelated	12	373998	0.0003979965481843
3876_INS_chromosome10_293134_len_92	10	293134	0.0005176148901773
2749_DEL_chromosome7_735981_len_-343_TyRelated	7	735981	0.0004642953063016
1392_DEL_chromosome4_802920_len_-2935_TyRelated	4	802920	1.55724752620347e-05
3266_DEL_chromosome8_525522_len_-13836	8	525522	0.0006204132764227
1064_INS_chromosome4_83414_len_5957_TyRelated	4	83414	0.0004255074611945
3969_INS_chromosome10_416782_len_329_TyRelated	10	416782	0.000292759874224
3266_DEL_chromosome8_525522_len_-13836	8	525522	0.0002027203558595
2291_CONTR_chromosome6_178166_len_141	6	178166	3.03503797614663e-05
2936_INS_chromosome7_1076129_len_11750	7	1076129	7.41222857130869e-05
6450_DEL_chromosome16_769319_len_-341_TyRelated	16	769319	0.0003907517644001
3071_DEL_chromosome8_146330_len_-342_TyRelated	8	146330	2.46138274446962e-05
5107_INS_chromosome13_321292_len_329_TyRelated	13	321292	0.0003546055670457
3071_DEL_chromosome8_146330_len_-342_TyRelated	8	146330	0.0005893749703488
1231_DEL_chromosome4_513258_len_-325	4	513258	0.0004786740666119
4781_INS_chromosome12_687944_len_6302_TyRelated	12	687944	3.40305475871285e-06
4912_INS_chromosome12_976257_len_137	12	976257	5.29888447195242e-06
3895_INS_chromosome10_354639_len_330_TyRelated	10	354639	8.97023715647079e-05
5539_INS_chromosome14_561443_len_328_TyRelated	14	561443	5.17512817317085e-05
5556_INV_chromosome14_574070_len_24090	14	574070	0.0001079642116114
1264_DEL_chromosome4_530731_len_-4477	4	530731	0.0007754161458102
531_DEL_chromosome2_429115_len_-389	2	429115	7.93607559072825e-05
2936_INS_chromosome7_1076129_len_11750	7	1076129	0.0001088622577884
6480_DUP_chromosome16_786403_len_50	16	786403	0.0004512090987659
4779_INS_chromosome12_687944_len_337_TyRelated	12	687944	0.0002422881860614
5201_DEL_chromosome13_503770_len_-371_TyRelated	13	503770	0.0003917467123709
3194_INS_chromosome8_389007_len_337_TyRelated	8	389007	0.0001602487415569
2384_DEL_chromosome7_8632_len_-149	7	8632	0.0007978843548509
5107_INS_chromosome13_321292_len_329_TyRelated	13	321292	0.0003966015775465
6099_DEL_chromosome15_970285_len_-5975_TyRelated	15	970285	5.05437693637093e-05
4337_DEL_chromosome11_458139_len_-333_TyRelated	11	458139	0.0001217015783046
3160_INS_chromosome8_237993_len_406_TyRelated	8	237993	0.0001923165355757
3100_DUP_chromosome8_211575_len_1638	8	211575	0.0001956443558594
4417_DEL_chromosome11_647337_len_-654	11	647337	0.000351982032659
1151_DEL_chromosome4_384889_len_-92	4	384889	0.0004095520104662
1307_DEL_chromosome4_628742_len_-133	4	628742	4.55658443983743e-05
909_DUP_chromosome3_269960_len_117	3	269960	2.6981753259396e-05
5212_INS_chromosome13_512864_len_125	13	512864	7.17965071612347e-06
5201_DEL_chromosome13_503770_len_-371_TyRelated	13	503770	0.0001857391662583
2749_DEL_chromosome7_735981_len_-343_TyRelated	7	735981	0.0003295964133362
1119_DEL_chromosome4_383482_len_-425	4	383482	0.0004397415992128
779_INS_chromosome3_90843_len_338_TyRelated	3	90843	0.0001018036220696
5201_DEL_chromosome13_503770_len_-371_TyRelated	13	503770	0.0001767742741362
3071_DEL_chromosome8_146330_len_-342_TyRelated	8	146330	1.23341824143647e-05
3137_DUP_chromosome8_212057_len_1931	8	212057	0.0004974877287543
6366_INS_chromosome16_560299_len_336_TyRelated	16	560299	0.0001278323594349
4876_INS_chromosome12_818474_len_329_TyRelated	12	818474	5.21321266004676e-05
3949_DUP_chromosome10_400129_len_199	10	400129	0.0001224381851786
531_DEL_chromosome2_429115_len_-389	2	429115	1.58382216035702e-06
3618_DEL_chromosome9_382842_len_-95	9	382842	0.0004646307413021
3969_INS_chromosome10_416782_len_329_TyRelated	10	416782	0.0001527645861439
5922_INS_chromosome15_385209_len_127	15	385209	7.91227199235226e-05
2065_DEL_chromosome5_487833_len_-333_TyRelated	5	487833	0.000361328162781
2639_INS_chromosome7_561752_len_339_TyRelated	7	561752	0.0008065371020546
4417_DEL_chromosome11_647337_len_-654	11	647337	0.0001333420306053
1542_DEL_chromosome4_1151368_len_-256	4	1151368	0.0007083848622726
3618_DEL_chromosome9_382842_len_-95	9	382842	0.0004019453693354
6107_INS_chromosome15_976377_len_311_TyRelated	15	976377	0.0006238510105067
6116_DEL_chromosome15_980259_len_-324	15	980259	5.62465915618594e-05
4374_DEL_chromosome11_517455_len_-330_TyRelated	11	517455	0.0002799680901229
1827_DEL_chromosome5_135608_len_-332_TyRelated	5	135608	0.0002037821508177
3618_DEL_chromosome9_382842_len_-95	9	382842	0.0002145202237873
3266_DEL_chromosome8_525522_len_-13836	8	525522	9.89439717650884e-06
3262_INS_chromosome8_525463_len_324	8	525463	0.0003900540572519
1977_DEL_chromosome5_434630_len_-342_TyRelated	5	434630	0.0002190923002904
1333_DEL_chromosome4_668096_len_-341_TyRelated	4	668096	0.0008068912190415
238_DEL_chromosome1_204897_len_-1506	1	204897	0.0002326612039847
1743_INS_chromosome5_6793_len_1906	5	6793	0.0002963781542792
5838_INS_chromosome15_227137_len_329_TyRelated	15	227137	7.72483604871312e-05
214_DUP_chromosome1_198466_len_204	1	198466	0.0002024998428264
2749_DEL_chromosome7_735981_len_-343_TyRelated	7	735981	0.0003262473985797
3618_DEL_chromosome9_382842_len_-95	9	382842	0.0007012892613521
6497_INS_chromosome16_819448_len_330_TyRelated	16	819448	0.000264850104467
5539_INS_chromosome14_561443_len_328_TyRelated	14	561443	0.0007475049314497
1757_DEL_chromosome5_14684_len_-317	5	14684	2.63307602018403e-05
6018_DEL_chromosome15_664813_len_-334_TyRelated	15	664813	0.0005305318380881
1652_INS_chromosome4_1461841_len_329_TyRelated	4	1461841	5.42965263015876e-05
1119_DEL_chromosome4_383482_len_-425	4	383482	6.857662046248e-05
3049_INS_chromosome8_133119_len_337_TyRelated	8	133119	0.0006565218325015
5954_INS_chromosome15_487424_len_338_TyRelated	15	487424	6.83204543931265e-06
3453_DEL_chromosome9_30406_len_-229	9	30406	7.35042146204347e-05
3194_INS_chromosome8_389007_len_337_TyRelated	8	389007	0.0004513145457471
904_DUP_chromosome3_269958_len_127	3	269958	0.0004312895533879
5921_INS_chromosome15_385209_len_118	15	385209	0.0002878938205448
3618_DEL_chromosome9_382842_len_-95	9	382842	0.0005338219706587
5943_INS_chromosome15_462774_len_329_TyRelated	15	462774	0.0004413579661944
1827_DEL_chromosome5_135608_len_-332_TyRelated	5	135608	0.0001769948986228
169_DEL_chromosome1_182620_len_-342_TyRelated	1	182620	9.50671779856182e-05
5838_INS_chromosome15_227137_len_329_TyRelated	15	227137	0.0004488049429354
1652_INS_chromosome4_1461841_len_329_TyRelated	4	1461841	0.0002639553767605
6099_DEL_chromosome15_970285_len_-5975_TyRelated	15	970285	9.37434012389579e-05
909_DUP_chromosome3_269960_len_117	3	269960	0.0004908850848596
1461_INS_chromosome4_981170_len_1901_TyRelated	4	981170	0.0002324555717614
3049_INS_chromosome8_133119_len_337_TyRelated	8	133119	0.0002962424970071
5724_DUP_chromosome15_29598_len_82	15	29598	0.0007102684925458
6099_DEL_chromosome15_970285_len_-5975_TyRelated	15	970285	0.0003365952628478
909_DUP_chromosome3_269960_len_117	3	269960	0.0002181935908972
4876_INS_chromosome12_818474_len_329_TyRelated	12	818474	0.0001254250795489
3636_CONTR_chromosome9_390772_len_138	9	390772	1.63434581231893e-05
5212_INS_chromosome13_512864_len_125	13	512864	1.4423198340996e-05
1231_DEL_chromosome4_513258_len_-325	4	513258	0.0002963966865888
2384_DEL_chromosome7_8632_len_-149	7	8632	9.39786917314927e-05
6030_DEL_chromosome15_703507_len_-194	15	703507	0.0002512771327767
3949_DUP_chromosome10_400129_len_199	10	400129	0.0001160073728181
6450_DEL_chromosome16_769319_len_-341_TyRelated	16	769319	0.0002327073283104
6018_DEL_chromosome15_664813_len_-334_TyRelated	15	664813	0.0002100575340284
169_DEL_chromosome1_182620_len_-342_TyRelated	1	182620	0.0003392638713317
3071_DEL_chromosome8_146330_len_-342_TyRelated	8	146330	0.000379642427312
1119_DEL_chromosome4_383482_len_-425	4	383482	0.0001045138780078
2510_DEL_chromosome7_319422_len_-339_TyRelated	7	319422	0.0008186727318086
3137_DUP_chromosome8_212057_len_1931	8	212057	0.0002007754147246
4417_DEL_chromosome11_647337_len_-654	11	647337	0.0003088142673594
2778_INS_chromosome7_779330_len_327_TyRelated	7	779330	0.0002355091567083
6018_DEL_chromosome15_664813_len_-334_TyRelated	15	664813	1.72774066665811e-05
6116_DEL_chromosome15_980259_len_-324	15	980259	3.52033572083034e-05
1778_DEL_chromosome5_62141_len_-334_TyRelated	5	62141	0.0007241307161002
2247_INS_chromosome6_137912_len_65_TyRelated	6	137912	0.0003820014264529
6546_DEL_chromosome16_927358_len_-171	16	927358	4.15101178520256e-05
3618_DEL_chromosome9_382842_len_-95	9	382842	0.0001137187386185
1827_DEL_chromosome5_135608_len_-332_TyRelated	5	135608	0.000271015703109
1119_DEL_chromosome4_383482_len_-425	4	383482	0.0010637219733997
4943_INS_chromosome12_1062080_len_270	12	1062080	0.0004045607816282
1183_DEL_chromosome4_435288_len_-97	4	435288	0.0002473379290371
3194_INS_chromosome8_389007_len_337_TyRelated	8	389007	0.0002758750379683
3071_DEL_chromosome8_146330_len_-342_TyRelated	8	146330	0.0008258077167613
3255_DEL_chromosome8_523601_len_-59	8	523601	0.0003632513757244
214_DUP_chromosome1_198466_len_204	1	198466	0.0001908313313996
5954_INS_chromosome15_487424_len_338_TyRelated	15	487424	0.0004599346305467
2936_INS_chromosome7_1076129_len_11750	7	1076129	0.0005760811995295
3071_DEL_chromosome8_146330_len_-342_TyRelated	8	146330	0.0006857311376413
5586_INS_chromosome14_632408_len_5945_TyRelated	14	632408	0.0002642970170681
4935_INS_chromosome12_1052239_len_320	12	1052239	0.0002015192308545
3138_DUP_chromosome8_212057_len_1931	8	212057	0.0001113685137881
6366_INS_chromosome16_560299_len_336_TyRelated	16	560299	4.98212811045995e-05
4417_DEL_chromosome11_647337_len_-654	11	647337	0.0002585941711171
214_DUP_chromosome1_198466_len_204	1	198466	0.0006133312817917
4337_DEL_chromosome11_458139_len_-333_TyRelated	11	458139	0.0004660572707579
1119_DEL_chromosome4_383482_len_-425	4	383482	1.38045254539592e-05
531_DEL_chromosome2_429115_len_-389	2	429115	0.0004485404038197
5040_DEL_chromosome13_168348_len_-334_TyRelated	13	168348	0.0001530348695038
2749_DEL_chromosome7_735981_len_-343_TyRelated	7	735981	0.0001287179872805
2749_DEL_chromosome7_735981_len_-343_TyRelated	7	735981	7.8544824734029e-05
1333_DEL_chromosome4_668096_len_-341_TyRelated	4	668096	0.0003453092541994
2065_DEL_chromosome5_487833_len_-333_TyRelated	5	487833	0.0001930700833878
3618_DEL_chromosome9_382842_len_-95	9	382842	0.0001581733468303
5954_INS_chromosome15_487424_len_338_TyRelated	15	487424	5.85655572332445e-05
5188_INS_chromosome13_480881_len_330	13	480881	0.0009208432829978
2065_DEL_chromosome5_487833_len_-333_TyRelated	5	487833	5.70659672578687e-05
1183_DEL_chromosome4_435288_len_-97	4	435288	0.0002482583755436
3194_INS_chromosome8_389007_len_337_TyRelated	8	389007	0.0001353214775452
2749_DEL_chromosome7_735981_len_-343_TyRelated	7	735981	0.0001553568387227
6116_DEL_chromosome15_980259_len_-324	15	980259	0.0004365077168858
1151_DEL_chromosome4_384889_len_-92	4	384889	8.39228237229258e-05
1076_CONTR_chromosome4_137861_len_74	4	137861	0.0001541222562541
4067_INS_chromosome10_628805_len_273	10	628805	0.0002243405963663
2784_INS_chromosome7_793890_len_135	7	793890	0.0002545772417689
6099_DEL_chromosome15_970285_len_-5975_TyRelated	15	970285	0.0003694210459511
5539_INS_chromosome14_561443_len_328_TyRelated	14	561443	0.0002796605018374
3453_DEL_chromosome9_30406_len_-229	9	30406	9.30441850975518e-05
6030_DEL_chromosome15_703507_len_-194	15	703507	0.0003664767897172
5838_INS_chromosome15_227137_len_329_TyRelated	15	227137	0.0007278567267836
3836_DEL_chromosome10_197494_len_-6621_TyRelated	10	197494	0.0004000048037339
3569_DEL_chromosome9_324396_len_-1336	9	324396	0.0004069556876551
214_DUP_chromosome1_198466_len_204	1	198466	0.0003278004675849
2400_INS_chromosome7_73912_len_337_TyRelated	7	73912	0.0001071959951221
2936_INS_chromosome7_1076129_len_11750	7	1076129	0.0006164325585828
1071_DEL_chromosome4_127638_len_-1360	4	127638	7.032429700243e-07
5724_DUP_chromosome15_29598_len_82	15	29598	0.0002986064188393
6480_DUP_chromosome16_786403_len_50	16	786403	0.0001535622382582
3101_DUP_chromosome8_211575_len_1638	8	211575	0.0003359891985061
531_DEL_chromosome2_429115_len_-389	2	429115	8.91976249718817e-05
3895_INS_chromosome10_354639_len_330_TyRelated	10	354639	0.0003333477656524
3194_INS_chromosome8_389007_len_337_TyRelated	8	389007	0.000571424121438
6116_DEL_chromosome15_980259_len_-324	15	980259	0.0006215733626255
2384_DEL_chromosome7_8632_len_-149	7	8632	9.8813054758147e-05
3101_DUP_chromosome8_211575_len_1638	8	211575	0.0002897371478517
1128_INS_chromosome4_383993_len_942	4	383993	0.0007313569578561
3071_DEL_chromosome8_146330_len_-342_TyRelated	8	146330	0.000125031606666
2749_DEL_chromosome7_735981_len_-343_TyRelated	7	735981	0.0004270840848932
1264_DEL_chromosome4_530731_len_-4477	4	530731	5.89420371846056e-05
2065_DEL_chromosome5_487833_len_-333_TyRelated	5	487833	0.0002393426364681
1743_INS_chromosome5_6793_len_1906	5	6793	0.0001110254187584
5053_INS_chromosome13_183989_len_538_TyRelated	13	183989	0.0003081528848793
419_INS_chromosome2_197384_len_329_TyRelated	2	197384	0.0001175498477503
1183_DEL_chromosome4_435288_len_-97	4	435288	0.0005186386570725
1757_DEL_chromosome5_14684_len_-317	5	14684	0.0001548869910263
5921_INS_chromosome15_385209_len_118	15	385209	0.0008293434337063
5838_INS_chromosome15_227137_len_329_TyRelated	15	227137	0.0011281868792206
3150_CONTR_chromosome8_214253_len_1984	8	214253	0.0001750674842388
3049_INS_chromosome8_133119_len_337_TyRelated	8	133119	0.0001691897289786
1461_INS_chromosome4_981170_len_1901_TyRelated	4	981170	0.0009219831226716
5053_INS_chromosome13_183989_len_538_TyRelated	13	183989	0.0004401629536978
3266_DEL_chromosome8_525522_len_-13836	8	525522	0.0002448084607702
2384_DEL_chromosome7_8632_len_-149	7	8632	2.63209694985654e-05
2936_INS_chromosome7_1076129_len_11750	7	1076129	0.0002858548155892
4328_INS_chromosome11_389144_len_183	11	389144	5.0096931301828e-05
1119_DEL_chromosome4_383482_len_-425	4	383482	0.0013119656596986
4044_DEL_chromosome10_541094_len_-334_TyRelated	10	541094	0.0001823660914452
4943_INS_chromosome12_1062080_len_270	12	1062080	0.000302081897167
3101_DUP_chromosome8_211575_len_1638	8	211575	0.0003487466514719
5426_DEL_chromosome14_96609_len_-5940_TyRelated	14	96609	0.0003639651579223
4417_DEL_chromosome11_647337_len_-654	11	647337	0.0004197730288085
2247_INS_chromosome6_137912_len_65_TyRelated	6	137912	0.0003335592167314
3137_DUP_chromosome8_212057_len_1931	8	212057	0.0007284765088023
1547_DEL_chromosome4_1154716_len_-8238	4	1154716	0.0004648247889614
5539_INS_chromosome14_561443_len_328_TyRelated	14	561443	0.0006095835344398
5539_INS_chromosome14_561443_len_328_TyRelated	14	561443	0.0005909996404496
3453_DEL_chromosome9_30406_len_-229	9	30406	2.08632681492619e-05
5954_INS_chromosome15_487424_len_338_TyRelated	15	487424	0.0002197554092258
2639_INS_chromosome7_561752_len_339_TyRelated	7	561752	0.0003276740405161
5212_INS_chromosome13_512864_len_125	13	512864	0.000723837531513
2547_DEL_chromosome7_402267_len_-2961	7	402267	0.0007551554009374
4417_DEL_chromosome11_647337_len_-654	11	647337	0.0004354859284481
2751_INS_chromosome7_736173_len_5955_TyRelated	7	736173	1.96181311330048e-05
6450_DEL_chromosome16_769319_len_-341_TyRelated	16	769319	0.0004986947629651
3263_INS_chromosome8_525463_len_1167	8	525463	0.0003466230525041
5212_INS_chromosome13_512864_len_125	13	512864	0.0004621971501782
1561_DEL_chromosome4_1175315_len_-333	4	1175315	9.91506136725656e-05
5838_INS_chromosome15_227137_len_329_TyRelated	15	227137	5.81954068049272e-05
2510_DEL_chromosome7_319422_len_-339_TyRelated	7	319422	0.0005035779552051
1231_DEL_chromosome4_513258_len_-325	4	513258	4.78408910054438e-06
3266_DEL_chromosome8_525522_len_-13836	8	525522	0.0005153956376459
5838_INS_chromosome15_227137_len_329_TyRelated	15	227137	0.0007517871936093
3579_INS_chromosome9_324686_len_329_TyRelated	9	324686	0.0007598669848852
4910_INS_chromosome12_976255_len_139	12	976255	0.0006412302899505
1119_DEL_chromosome4_383482_len_-425	4	383482	3.03360330497973e-05
3194_INS_chromosome8_389007_len_337_TyRelated	8	389007	0.0003584361048842
3618_DEL_chromosome9_382842_len_-95	9	382842	0.000137175859498
5724_DUP_chromosome15_29598_len_82	15	29598	0.0004663739346525
6546_DEL_chromosome16_927358_len_-171	16	927358	0.0001923403269991
3266_DEL_chromosome8_525522_len_-13836	8	525522	0.0001296493387577
1152_CONTR_chromosome4_384947_len_141	4	384947	0.0003441122819525
3453_DEL_chromosome9_30406_len_-229	9	30406	6.27425413313049e-05
3618_DEL_chromosome9_382842_len_-95	9	382842	0.0006145807407771
4599_INS_chromosome12_366135_len_329_TyRelated	12	366135	0.0007096497724449
4374_DEL_chromosome11_517455_len_-330_TyRelated	11	517455	0.000360810800974
3571_INS_chromosome9_324398_len_6482_TyRelated	9	324398	0.0001060619474593
5266_INS_chromosome13_609802_len_415	13	609802	7.80979285752995e-05
5724_DUP_chromosome15_29598_len_82	15	29598	0.0001960147915872
1778_DEL_chromosome5_62141_len_-334_TyRelated	5	62141	0.0005907992031374
1333_DEL_chromosome4_668096_len_-341_TyRelated	4	668096	0.0007527395761651
4115_INS_chromosome10_729995_len_5443	10	729995	0.00020881640766
3266_DEL_chromosome8_525522_len_-13836	8	525522	6.00585494059844e-05
2893_DEL_chromosome7_931690_len_-330_TyRelated	7	931690	0.0006360395763868
939_DUP_chromosome3_295227_len_100	3	295227	0.0004417600167954
1743_INS_chromosome5_6793_len_1906	5	6793	0.0001729606275661
6018_DEL_chromosome15_664813_len_-334_TyRelated	15	664813	0.0004797311038283
3255_DEL_chromosome8_523601_len_-59	8	523601	0.0002272925874653
1889_INS_chromosome5_207344_len_340_TyRelated	5	207344	0.0005296221971887
1183_DEL_chromosome4_435288_len_-97	4	435288	0.0005287475094636
4935_INS_chromosome12_1052239_len_320	12	1052239	3.07169985458101e-05
2191_INS_chromosome6_30088_len_19888	6	30088	0.0003893045616943
1542_DEL_chromosome4_1151368_len_-256	4	1151368	0.000281423100335
1151_DEL_chromosome4_384889_len_-92	4	384889	0.0001925414397408
214_DUP_chromosome1_198466_len_204	1	198466	7.81519061635738e-05
1128_INS_chromosome4_383993_len_942	4	383993	0.0010339502713378
6546_DEL_chromosome16_927358_len_-171	16	927358	8.38173257537194e-07
4055_DEL_chromosome10_543605_len_-95	10	543605	7.23076408394573e-05
1757_DEL_chromosome5_14684_len_-317	5	14684	1.70956837578428e-05
2749_DEL_chromosome7_735981_len_-343_TyRelated	7	735981	4.24454460498198e-06
2035_DEL_chromosome5_443369_len_-6262_TyRelated	5	443369	0.0010486706098302
1128_INS_chromosome4_383993_len_942	4	383993	0.0003552173323909
2065_DEL_chromosome5_487833_len_-333_TyRelated	5	487833	7.82571072335735e-05
1542_DEL_chromosome4_1151368_len_-256	4	1151368	0.0001028574310451
5040_DEL_chromosome13_168348_len_-334_TyRelated	13	168348	0.0002042714641744
3198_DEL_chromosome8_389176_len_-334_TyRelated	8	389176	0.0007502498196475
1183_DEL_chromosome4_435288_len_-97	4	435288	0.0002262813633698
1392_DEL_chromosome4_802920_len_-2935_TyRelated	4	802920	0.0002375048532315
1128_INS_chromosome4_383993_len_942	4	383993	0.000275453771794
4781_INS_chromosome12_687944_len_6302_TyRelated	12	687944	4.47577030027839e-05
3150_CONTR_chromosome8_214253_len_1984	8	214253	0.0002770509045043
779_INS_chromosome3_90843_len_338_TyRelated	3	90843	0.0006428100722423
3618_DEL_chromosome9_382842_len_-95	9	382842	0.0003077290865629
4417_DEL_chromosome11_647337_len_-654	11	647337	0.0002205510383202
4943_INS_chromosome12_1062080_len_270	12	1062080	0.0005869642810433
3618_DEL_chromosome9_382842_len_-95	9	382842	0.0003478253168204
5266_INS_chromosome13_609802_len_415	13	609802	2.73991318996433e-05
2065_DEL_chromosome5_487833_len_-333_TyRelated	5	487833	0.0002724575057156
1307_DEL_chromosome4_628742_len_-133	4	628742	0.0003028345774146
1757_DEL_chromosome5_14684_len_-317	5	14684	0.0004754127511492
4990_TRA_chromosome13_6184_len_8381	13	6184	6.25951863382028e-05
531_DEL_chromosome2_429115_len_-389	2	429115	0.0001463553392176
3266_DEL_chromosome8_525522_len_-13836	8	525522	0.000577688793022
5314_DEL_chromosome13_808536_len_-371_TyRelated	13	808536	0.0001902402687683
3237_INS_chromosome8_475937_len_328_TyRelated	8	475937	0.0006571471687139
5724_DUP_chromosome15_29598_len_82	15	29598	0.0002740410412413
42_TRA_chromosome1_14245_len_35838	1	14245	0.0003530394520781
1128_INS_chromosome4_383993_len_942	4	383993	0.000162212005637
169_DEL_chromosome1_182620_len_-342_TyRelated	1	182620	0.0005483884543132
3071_DEL_chromosome8_146330_len_-342_TyRelated	8	146330	2.20033977713996e-05
4055_DEL_chromosome10_543605_len_-95	10	543605	0.0004560792815589
2778_INS_chromosome7_779330_len_327_TyRelated	7	779330	1.89961140190397e-05
3049_INS_chromosome8_133119_len_337_TyRelated	8	133119	0.0004781078206383
3836_DEL_chromosome10_197494_len_-6621_TyRelated	10	197494	0.0001496087157126
531_DEL_chromosome2_429115_len_-389	2	429115	0.0001866780997274
4875_INS_chromosome12_818474_len_686_TyRelated	12	818474	0.0002921534877446
2893_DEL_chromosome7_931690_len_-330_TyRelated	7	931690	0.0011686615543983
1669_INS_chromosome4_1503810_len_142	4	1503810	0.0001405667660264
5314_DEL_chromosome13_808536_len_-371_TyRelated	13	808536	2.19059423821375e-05
2932_DEL_chromosome7_1072906_len_-202	7	1072906	0.0002282265290542
5724_DUP_chromosome15_29598_len_82	15	29598	0.0002287834266065
5954_INS_chromosome15_487424_len_338_TyRelated	15	487424	0.0006771093839314
3194_INS_chromosome8_389007_len_337_TyRelated	8	389007	7.38734531811645e-06
1542_DEL_chromosome4_1151368_len_-256	4	1151368	0.0002446559365803
2639_INS_chromosome7_561752_len_339_TyRelated	7	561752	0.0003216072336172
4912_INS_chromosome12_976257_len_137	12	976257	0.0003283399856833
2208_DEL_chromosome6_32513_len_-236	6	32513	0.000253550885361
4417_DEL_chromosome11_647337_len_-654	11	647337	0.0006555788166097
5954_INS_chromosome15_487424_len_338_TyRelated	15	487424	0.0001441195162765
3618_DEL_chromosome9_382842_len_-95	9	382842	0.000295029980983
3618_DEL_chromosome9_382842_len_-95	9	382842	0.00059641193133
2749_DEL_chromosome7_735981_len_-343_TyRelated	7	735981	0.0007820231506262
5954_INS_chromosome15_487424_len_338_TyRelated	15	487424	0.0006600600382174
1943_DEL_chromosome5_354292_len_-439_TyRelated	5	354292	2.42473334606089e-06
214_DUP_chromosome1_198466_len_204	1	198466	0.0001400857256843
4505_INS_chromosome12_31855_len_324	12	31855	0.0003552106679362
2384_DEL_chromosome7_8632_len_-149	7	8632	0.0002757301971378
2231_INS_chromosome6_101360_len_338_TyRelated	6	101360	0.0007404701877167
1827_DEL_chromosome5_135608_len_-332_TyRelated	5	135608	0.0002100100445568
1145_CONTR_chromosome4_384492_len_142	4	384492	0.0003399842701766
2547_DEL_chromosome7_402267_len_-2961	7	402267	0.0006501244096476
2751_INS_chromosome7_736173_len_5955_TyRelated	7	736173	0.000315805588189
3266_DEL_chromosome8_525522_len_-13836	8	525522	0.0001337773419248
5586_INS_chromosome14_632408_len_5945_TyRelated	14	632408	0.0004045451646116
6450_DEL_chromosome16_769319_len_-341_TyRelated	16	769319	4.74251456082218e-05
4876_INS_chromosome12_818474_len_329_TyRelated	12	818474	0.0003059103375248
2749_DEL_chromosome7_735981_len_-343_TyRelated	7	735981	5.5966941438943e-05
1968_DEL_chromosome5_431489_len_-334_TyRelated	5	431489	0.0003337346353687
214_DUP_chromosome1_198466_len_204	1	198466	0.0006225171408254
2749_DEL_chromosome7_735981_len_-343_TyRelated	7	735981	0.0005461499731602
5724_DUP_chromosome15_29598_len_82	15	29598	0.0006860597719852
3137_DUP_chromosome8_212057_len_1931	8	212057	0.0007053292350664
1943_DEL_chromosome5_354292_len_-439_TyRelated	5	354292	0.000169086156161
3547_DEL_chromosome9_246219_len_-334_TyRelated	9	246219	0.0002228071952042
794_DEL_chromosome3_124133_len_-333	3	124133	0.0003253022997871
5838_INS_chromosome15_227137_len_329_TyRelated	15	227137	0.0001656452995438
2065_DEL_chromosome5_487833_len_-333_TyRelated	5	487833	0.0001752535956215
3571_INS_chromosome9_324398_len_6482_TyRelated	9	324398	0.0002117256164213
2291_CONTR_chromosome6_178166_len_141	6	178166	0.000308584302896
6116_DEL_chromosome15_980259_len_-324	15	980259	9.09555139641953e-05
3510_DEL_chromosome9_196653_len_-371_TyRelated	9	196653	0.0001217563580419
3137_DUP_chromosome8_212057_len_1931	8	212057	0.0004996637205929
3085_DEL_chromosome8_193546_len_-532	8	193546	5.41661266501738e-05
1231_DEL_chromosome4_513258_len_-325	4	513258	0.0002941537852962
2749_DEL_chromosome7_735981_len_-343_TyRelated	7	735981	4.38753982202931e-05
5838_INS_chromosome15_227137_len_329_TyRelated	15	227137	0.0004026353201477
5424_INS_chromosome14_96609_len_83_TyRelated	14	96609	0.000103506903927
3569_DEL_chromosome9_324396_len_-1336	9	324396	0.0001060709040661
5040_DEL_chromosome13_168348_len_-334_TyRelated	13	168348	2.43309015292681e-05
1071_DEL_chromosome4_127638_len_-1360	4	127638	0.0003826594389772
6116_DEL_chromosome15_980259_len_-324	15	980259	0.0001259864167156
4935_INS_chromosome12_1052239_len_320	12	1052239	0.0001244437678248
5556_INV_chromosome14_574070_len_24090	14	574070	0.0002952961817803
1128_INS_chromosome4_383993_len_942	4	383993	6.30110120613419e-05
1561_DEL_chromosome4_1175315_len_-333	4	1175315	0.0002963974333351
2208_DEL_chromosome6_32513_len_-236	6	32513	0.0003153594601931
1461_INS_chromosome4_981170_len_1901_TyRelated	4	981170	0.0007268332942137
5188_INS_chromosome13_480881_len_330	13	480881	0.0005438291821529
1151_DEL_chromosome4_384889_len_-92	4	384889	0.0005716893363954
1307_DEL_chromosome4_628742_len_-133	4	628742	8.91644492895543e-07
5614_DEL_chromosome14_726613_len_-331_TyRelated	14	726613	0.000154509800083
3194_INS_chromosome8_389007_len_337_TyRelated	8	389007	0.0002857080920847
2893_DEL_chromosome7_931690_len_-330_TyRelated	7	931690	0.0004524863144658
3266_DEL_chromosome8_525522_len_-13836	8	525522	0.0006170694930408
2749_DEL_chromosome7_735981_len_-343_TyRelated	7	735981	2.51244346428296e-05
6480_DUP_chromosome16_786403_len_50	16	786403	0.0002438311138869
169_DEL_chromosome1_182620_len_-342_TyRelated	1	182620	8.3068169732955e-05
159_INS_chromosome1_181124_len_672_TyRelated	1	181124	0.0004863988828698
1943_DEL_chromosome5_354292_len_-439_TyRelated	5	354292	0.0005676509531093
4328_INS_chromosome11_389144_len_183	11	389144	0.0005832326418349
904_DUP_chromosome3_269958_len_127	3	269958	5.78168621173098e-05
6030_DEL_chromosome15_703507_len_-194	15	703507	3.59476778457265e-05
238_DEL_chromosome1_204897_len_-1506	1	204897	0.0001552134991412
6030_DEL_chromosome15_703507_len_-194	15	703507	0.0003985685820886
169_DEL_chromosome1_182620_len_-342_TyRelated	1	182620	0.0009590436990825
3618_DEL_chromosome9_382842_len_-95	9	382842	1.49675824846476e-05
909_DUP_chromosome3_269960_len_117	3	269960	0.0002577896832654
3101_DUP_chromosome8_211575_len_1638	8	211575	0.0002941283150558
2247_INS_chromosome6_137912_len_65_TyRelated	6	137912	0.00018023498767
3510_DEL_chromosome9_196653_len_-371_TyRelated	9	196653	5.37319717804013e-05
5053_INS_chromosome13_183989_len_538_TyRelated	13	183989	0.0002432151763366
5838_INS_chromosome15_227137_len_329_TyRelated	15	227137	0.000107816934402
3198_DEL_chromosome8_389176_len_-334_TyRelated	8	389176	8.05795111368934e-05
1652_INS_chromosome4_1461841_len_329_TyRelated	4	1461841	0.000161077373549
3049_INS_chromosome8_133119_len_337_TyRelated	8	133119	9.52540667911726e-05
2749_DEL_chromosome7_735981_len_-343_TyRelated	7	735981	2.93833881773431e-05
4705_INS_chromosome12_489480_len_1066	12	489480	0.0003049825867199
5954_INS_chromosome15_487424_len_338_TyRelated	15	487424	0.000443590630115
3559_DUP_chromosome9_300429_len_255	9	300429	0.000449831252714
169_DEL_chromosome1_182620_len_-342_TyRelated	1	182620	0.0001124449803244
3618_DEL_chromosome9_382842_len_-95	9	382842	0.0003347284680677
2065_DEL_chromosome5_487833_len_-333_TyRelated	5	487833	0.0003587770407262
2384_DEL_chromosome7_8632_len_-149	7	8632	0.0003140884557822
3903_DEL_chromosome10_354843_len_-332_TyRelated	10	354843	0.0001717573513865
3194_INS_chromosome8_389007_len_337_TyRelated	8	389007	2.56090223093653e-05
3138_DUP_chromosome8_212057_len_1931	8	212057	0.0005634616844864
909_DUP_chromosome3_269960_len_117	3	269960	0.0002684977411704
1757_DEL_chromosome5_14684_len_-317	5	14684	0.0002973172805354
2749_DEL_chromosome7_735981_len_-343_TyRelated	7	735981	0.000630530042249
3641_DEL_chromosome9_390980_len_-124	9	390980	7.40961959684585e-05
3263_INS_chromosome8_525463_len_1167	8	525463	0.0004056414776816
5539_INS_chromosome14_561443_len_328_TyRelated	14	561443	0.0004768596611044
4607_DEL_chromosome12_373998_len_-341_TyRelated	12	373998	0.0002220128108455
5212_INS_chromosome13_512864_len_125	13	512864	0.0004808344603834
3453_DEL_chromosome9_30406_len_-229	9	30406	0.0002684259021795
2010_INS_chromosome5_436372_len_329_TyRelated	5	436372	0.0001513369965607
5724_DUP_chromosome15_29598_len_82	15	29598	0.0002199458098681
3237_INS_chromosome8_475937_len_328_TyRelated	8	475937	0.0001868216201101
4055_DEL_chromosome10_543605_len_-95	10	543605	0.0003552968780726
169_DEL_chromosome1_182620_len_-342_TyRelated	1	182620	0.0006459436408558
4781_INS_chromosome12_687944_len_6302_TyRelated	12	687944	0.0001848130389443
4703_INS_chromosome12_489480_len_19388	12	489480	0.0008501470689051
2596_DUP_chromosome7_517636_len_71	7	517636	0.0003741828550568
42_TRA_chromosome1_14245_len_35838	1	14245	0.0004540436195601
1119_DEL_chromosome4_383482_len_-425	4	383482	0.0008407029412064
4876_INS_chromosome12_818474_len_329_TyRelated	12	818474	2.97696668819692e-05
3266_DEL_chromosome8_525522_len_-13836	8	525522	0.0001435077290786
3903_DEL_chromosome10_354843_len_-332_TyRelated	10	354843	0.0004101197605125
1128_INS_chromosome4_383993_len_942	4	383993	2.69007935413755e-05
904_DUP_chromosome3_269958_len_127	3	269958	0.0007703308847808
1121_DEL_chromosome4_383487_len_-110	4	383487	0.0005721812947413
6236_DEL_chromosome16_56788_len_-5929_TyRelated	16	56788	0.000633050295222
41_DEL_chromosome1_13326_len_-12211	1	13326	0.0002751730623632
904_DUP_chromosome3_269958_len_127	3	269958	0.0005962694118765
2247_INS_chromosome6_137912_len_65_TyRelated	6	137912	6.91327679003452e-06
58_DEL_chromosome1_25003_len_-1336	1	25003	0.0004939199681497
1827_DEL_chromosome5_135608_len_-332_TyRelated	5	135608	0.0005503364319563
6450_DEL_chromosome16_769319_len_-341_TyRelated	16	769319	0.0004937175016131
3903_DEL_chromosome10_354843_len_-332_TyRelated	10	354843	0.000569520049408
6546_DEL_chromosome16_927358_len_-171	16	927358	3.29546696570452e-05
3672_INS_chromosome9_392406_len_188	9	392406	0.0004607374155069
6546_DEL_chromosome16_927358_len_-171	16	927358	2.6387075796229e-05
6099_DEL_chromosome15_970285_len_-5975_TyRelated	15	970285	1.6147948301419e-05
2778_INS_chromosome7_779330_len_327_TyRelated	7	779330	2.23096354737124e-05
6099_DEL_chromosome15_970285_len_-5975_TyRelated	15	970285	0.00101341824292
6450_DEL_chromosome16_769319_len_-341_TyRelated	16	769319	0.0003125332258852
2936_INS_chromosome7_1076129_len_11750	7	1076129	0.0005777960398186
4684_INS_chromosome12_468943_len_8990	12	468943	0.0007959377019695
3071_DEL_chromosome8_146330_len_-342_TyRelated	8	146330	1.5522366354636e-05
2291_CONTR_chromosome6_178166_len_141	6	178166	0.0003888625710544
3137_DUP_chromosome8_212057_len_1931	8	212057	0.0005199405051363
1468_DEL_chromosome4_981492_len_-11207_TyRelated	4	981492	0.0001803410109033
741_DEL_chromosome3_82700_len_-337	3	82700	6.7954461363043e-05
909_DUP_chromosome3_269960_len_117	3	269960	0.000462199003802
6497_INS_chromosome16_819448_len_330_TyRelated	16	819448	0.0004983652035591
1827_DEL_chromosome5_135608_len_-332_TyRelated	5	135608	0.000354337651244
5539_INS_chromosome14_561443_len_328_TyRelated	14	561443	8.92019610076123e-05
5287_DUP_chromosome13_768038_len_61	13	768038	0.0005153580293939
2035_DEL_chromosome5_443369_len_-6262_TyRelated	5	443369	0.0004258605861737
742_INS_chromosome3_82707_len_3619_TyRelated	3	82707	0.0003170785919234
2065_DEL_chromosome5_487833_len_-333_TyRelated	5	487833	9.85041081578167e-05
2775_DEL_chromosome7_778956_len_-156	7	778956	0.0003243049656888
156_INS_chromosome1_180847_len_330_TyRelated	1	180847	0.0002860405180232
5954_INS_chromosome15_487424_len_338_TyRelated	15	487424	0.000265432511415
1827_DEL_chromosome5_135608_len_-332_TyRelated	5	135608	6.66339868866911e-05
2384_DEL_chromosome7_8632_len_-149	7	8632	0.0001702627146702
3194_INS_chromosome8_389007_len_337_TyRelated	8	389007	0.0001129381330342
5107_INS_chromosome13_321292_len_329_TyRelated	13	321292	0.0008918422377812
5838_INS_chromosome15_227137_len_329_TyRelated	15	227137	0.0002795080706948
1614_CONTR_chromosome4_1308046_len_509	4	1308046	0.0002595124683714
5556_INV_chromosome14_574070_len_24090	14	574070	0.0005996223541675
3194_INS_chromosome8_389007_len_337_TyRelated	8	389007	2.04746627002085e-05
3138_DUP_chromosome8_212057_len_1931	8	212057	0.0011590186162069
531_DEL_chromosome2_429115_len_-389	2	429115	0.0002926954637305
1468_DEL_chromosome4_981492_len_-11207_TyRelated	4	981492	0.0005336422183365
1231_DEL_chromosome4_513258_len_-325	4	513258	0.0002098062982241
5724_DUP_chromosome15_29598_len_82	15	29598	0.0007882905924915
5539_INS_chromosome14_561443_len_328_TyRelated	14	561443	6.89620154026212e-05
1264_DEL_chromosome4_530731_len_-4477	4	530731	0.000861437871597
5291_DEL_chromosome13_768547_len_-333_TyRelated	13	768547	0.0005378406580658
1231_DEL_chromosome4_513258_len_-325	4	513258	0.0007249800530528
3266_DEL_chromosome8_525522_len_-13836	8	525522	5.05400004974698e-06
214_DUP_chromosome1_198466_len_204	1	198466	0.0002104519560139
214_DUP_chromosome1_198466_len_204	1	198466	0.0001451138844339
5201_DEL_chromosome13_503770_len_-371_TyRelated	13	503770	0.0001312726530812
5838_INS_chromosome15_227137_len_329_TyRelated	15	227137	0.0003199784206705
2048_INS_chromosome5_449884_len_329_TyRelated	5	449884	0.0001947436918519
3255_DEL_chromosome8_523601_len_-59	8	523601	0.0006353447778378
4337_DEL_chromosome11_458139_len_-333_TyRelated	11	458139	0.0003056881206502
904_DUP_chromosome3_269958_len_127	3	269958	1.54377819644426e-06
6480_DUP_chromosome16_786403_len_50	16	786403	0.0005159346787553
3049_INS_chromosome8_133119_len_337_TyRelated	8	133119	0.0002589800739361
3262_INS_chromosome8_525463_len_324	8	525463	0.0007754237228052
2065_DEL_chromosome5_487833_len_-333_TyRelated	5	487833	3.13230561085734e-05
2065_DEL_chromosome5_487833_len_-333_TyRelated	5	487833	0.0001669720139587
3266_DEL_chromosome8_525522_len_-13836	8	525522	8.60388848205177e-05
3618_DEL_chromosome9_382842_len_-95	9	382842	0.0003807712010878
4318_INS_chromosome11_379666_len_338_TyRelated	11	379666	0.0002980320256038
1827_DEL_chromosome5_135608_len_-332_TyRelated	5	135608	0.0005451066492421
2936_INS_chromosome7_1076129_len_11750	7	1076129	0.0001678761871281
907_DUP_chromosome3_269960_len_117	3	269960	0.0002901862539986
5314_DEL_chromosome13_808536_len_-371_TyRelated	13	808536	0.0003761444778018
5954_INS_chromosome15_487424_len_338_TyRelated	15	487424	0.0004668798022328
2065_DEL_chromosome5_487833_len_-333_TyRelated	5	487833	0.0001588468022995
5287_DUP_chromosome13_768038_len_61	13	768038	0.0001504262840072
938_INS_chromosome3_295227_len_399_TyRelated	3	295227	0.0005087976437146
3836_DEL_chromosome10_197494_len_-6621_TyRelated	10	197494	9.54410131502455e-05
5287_DUP_chromosome13_768038_len_61	13	768038	0.0002809335824893
4115_INS_chromosome10_729995_len_5443	10	729995	2.18649201598258e-05
4781_INS_chromosome12_687944_len_6302_TyRelated	12	687944	0.0005690182887631
1542_DEL_chromosome4_1151368_len_-256	4	1151368	0.0003439790870358
2510_DEL_chromosome7_319422_len_-339_TyRelated	7	319422	2.93940249850578e-05
4328_INS_chromosome11_389144_len_183	11	389144	0.0001426164361326
4328_INS_chromosome11_389144_len_183	11	389144	0.0004171561888885
4505_INS_chromosome12_31855_len_324	12	31855	0.000536630938865
5201_DEL_chromosome13_503770_len_-371_TyRelated	13	503770	0.0005345538184879
4607_DEL_chromosome12_373998_len_-341_TyRelated	12	373998	5.33563129922651e-05
1307_DEL_chromosome4_628742_len_-133	4	628742	0.0002847540599668
3569_DEL_chromosome9_324396_len_-1336	9	324396	0.0006397788565681
942_INS_chromosome3_295361_len_329_TyRelated	3	295361	1.42218792677924e-05
6369_DEL_chromosome16_560480_len_-333_TyRelated	16	560480	6.30431153012872e-05
1943_DEL_chromosome5_354292_len_-439_TyRelated	5	354292	0.0001827651295111
6450_DEL_chromosome16_769319_len_-341_TyRelated	16	769319	0.0004028104659034
3085_DEL_chromosome8_193546_len_-532	8	193546	1.8436056482107e-07
2845_INS_chromosome7_879093_len_329_TyRelated	7	879093	0.0008666900698224
5838_INS_chromosome15_227137_len_329_TyRelated	15	227137	3.43643668053084e-05
4374_DEL_chromosome11_517455_len_-330_TyRelated	11	517455	0.0002617679257627
4417_DEL_chromosome11_647337_len_-654	11	647337	0.0006049569851997
1827_DEL_chromosome5_135608_len_-332_TyRelated	5	135608	0.0005115959645818
4539_DUP_chromosome12_103590_len_211	12	103590	0.0001575569984806
2510_DEL_chromosome7_319422_len_-339_TyRelated	7	319422	0.0003672054571013
6207_INS_chromosome16_15495_len_53	16	15495	0.0006484030140883
1669_INS_chromosome4_1503810_len_142	4	1503810	4.96583178965287e-05
1076_CONTR_chromosome4_137861_len_74	4	137861	0.0001165514965082
5608_DEL_chromosome14_726245_len_-699_TyRelated	14	726245	0.0003960283693116
2247_INS_chromosome6_137912_len_65_TyRelated	6	137912	0.0009759416380534
3876_INS_chromosome10_293134_len_92	10	293134	0.0003151492452526
942_INS_chromosome3_295361_len_329_TyRelated	3	295361	0.0006866333239902
3547_DEL_chromosome9_246219_len_-334_TyRelated	9	246219	0.0002117022932627
1251_DEL_chromosome4_520473_len_-332	4	520473	0.0001466600981128
779_INS_chromosome3_90843_len_338_TyRelated	3	90843	0.0004968966301965
4781_INS_chromosome12_687944_len_6302_TyRelated	12	687944	0.0001163275909842
3895_INS_chromosome10_354639_len_330_TyRelated	10	354639	0.0001863470466618
6450_DEL_chromosome16_769319_len_-341_TyRelated	16	769319	0.000133672118779
5724_DUP_chromosome15_29598_len_82	15	29598	0.0004597267028758
3071_DEL_chromosome8_146330_len_-342_TyRelated	8	146330	9.13417433009216e-05
3101_DUP_chromosome8_211575_len_1638	8	211575	0.0005102714857004
6107_INS_chromosome15_976377_len_311_TyRelated	15	976377	2.9517770438285e-05
4781_INS_chromosome12_687944_len_6302_TyRelated	12	687944	0.0005812478942666
2065_DEL_chromosome5_487833_len_-333_TyRelated	5	487833	0.0001838407430014
5210_INS_chromosome13_504879_len_338_TyRelated	13	504879	0.0004408857487459
5838_INS_chromosome15_227137_len_329_TyRelated	15	227137	0.0003430709607307
4337_DEL_chromosome11_458139_len_-333_TyRelated	11	458139	1.46738359822024e-06
3198_DEL_chromosome8_389176_len_-334_TyRelated	8	389176	0.000137659635426
907_DUP_chromosome3_269960_len_117	3	269960	0.0002960095311193
2384_DEL_chromosome7_8632_len_-149	7	8632	0.0003766339555342
2384_DEL_chromosome7_8632_len_-149	7	8632	1.59931640230772e-05
3635_INS_chromosome9_390737_len_220	9	390737	0.0001407939550872
3559_DUP_chromosome9_300429_len_255	9	300429	1.20668121843545e-06
2749_DEL_chromosome7_735981_len_-343_TyRelated	7	735981	0.0002370092208619
1468_DEL_chromosome4_981492_len_-11207_TyRelated	4	981492	0.0003897829605726
4337_DEL_chromosome11_458139_len_-333_TyRelated	11	458139	0.0006245065102032
942_INS_chromosome3_295361_len_329_TyRelated	3	295361	0.0001847800405452
5935_INS_chromosome15_438304_len_329_TyRelated	15	438304	5.25726194035911e-05
2778_INS_chromosome7_779330_len_327_TyRelated	7	779330	2.87703461067899e-05
1119_DEL_chromosome4_383482_len_-425	4	383482	0.0002765936461772
2778_INS_chromosome7_779330_len_327_TyRelated	7	779330	0.0002245762425927
4318_INS_chromosome11_379666_len_338_TyRelated	11	379666	8.73757991970795e-05
169_DEL_chromosome1_182620_len_-342_TyRelated	1	182620	0.0004350424762715
3263_INS_chromosome8_525463_len_1167	8	525463	0.0005067794758083
3194_INS_chromosome8_389007_len_337_TyRelated	8	389007	0.0004117654451598
2778_INS_chromosome7_779330_len_327_TyRelated	7	779330	0.0001574734948631
3636_CONTR_chromosome9_390772_len_138	9	390772	0.0004247505337452
1997_DEL_chromosome5_435840_len_-438_TyRelated	5	435840	0.000193408257732
1183_DEL_chromosome4_435288_len_-97	4	435288	0.0003146067788559
4374_DEL_chromosome11_517455_len_-330_TyRelated	11	517455	0.0003173695709141
3194_INS_chromosome8_389007_len_337_TyRelated	8	389007	0.0001492210767708
1183_DEL_chromosome4_435288_len_-97	4	435288	0.0001829405555578
4935_INS_chromosome12_1052239_len_320	12	1052239	0.0003927234460896
2400_INS_chromosome7_73912_len_337_TyRelated	7	73912	0.0002351664123793
2893_DEL_chromosome7_931690_len_-330_TyRelated	7	931690	0.0002992989784033
5954_INS_chromosome15_487424_len_338_TyRelated	15	487424	0.0006188256450398
214_DUP_chromosome1_198466_len_204	1	198466	1.00678849785783e-05
3263_INS_chromosome8_525463_len_1167	8	525463	0.0001098327313389
5608_DEL_chromosome14_726245_len_-699_TyRelated	14	726245	3.22020847387229e-05
5188_INS_chromosome13_480881_len_330	13	480881	0.0007226151133806
2291_CONTR_chromosome6_178166_len_141	6	178166	0.0008401159647312
5608_DEL_chromosome14_726245_len_-699_TyRelated	14	726245	0.0002211791523576
4912_INS_chromosome12_976257_len_137	12	976257	5.77887028533438e-05
4417_DEL_chromosome11_647337_len_-654	11	647337	0.0007506933776314
1119_DEL_chromosome4_383482_len_-425	4	383482	0.0005261800242782
1669_INS_chromosome4_1503810_len_142	4	1503810	0.0001173685281086
6116_DEL_chromosome15_980259_len_-324	15	980259	0.0001496669187675
372_DEL_chromosome2_9092_len_-337_TyRelated	2	9092	2.62603676828614e-05
6450_DEL_chromosome16_769319_len_-341_TyRelated	16	769319	1.71867905551663e-05
1468_DEL_chromosome4_981492_len_-11207_TyRelated	4	981492	3.56102023034838e-05
3071_DEL_chromosome8_146330_len_-342_TyRelated	8	146330	0.0002098949777621
5724_DUP_chromosome15_29598_len_82	15	29598	0.0003534183162973
5107_INS_chromosome13_321292_len_329_TyRelated	13	321292	0.0002490281222
3672_INS_chromosome9_392406_len_188	9	392406	0.000328814051633
3618_DEL_chromosome9_382842_len_-95	9	382842	0.000166430370869
6366_INS_chromosome16_560299_len_336_TyRelated	16	560299	0.0003312496966856
3263_INS_chromosome8_525463_len_1167	8	525463	0.000700912565551
4779_INS_chromosome12_687944_len_337_TyRelated	12	687944	0.0003999189371328
3137_DUP_chromosome8_212057_len_1931	8	212057	0.0002928913109421
6369_DEL_chromosome16_560480_len_-333_TyRelated	16	560480	0.000729802197106
169_DEL_chromosome1_182620_len_-342_TyRelated	1	182620	0.0008173444331434
1542_DEL_chromosome4_1151368_len_-256	4	1151368	0.0003856993525454
3895_INS_chromosome10_354639_len_330_TyRelated	10	354639	0.000271123193163
265_DEL_chromosome1_206644_len_-12316	1	206644	0.0003082677638923
372_DEL_chromosome2_9092_len_-337_TyRelated	2	9092	0.000183896858815
3547_DEL_chromosome9_246219_len_-334_TyRelated	9	246219	0.0011037740297043
3266_DEL_chromosome8_525522_len_-13836	8	525522	0.0003195168867759
3255_DEL_chromosome8_523601_len_-59	8	523601	5.42401513910822e-05
2291_CONTR_chromosome6_178166_len_141	6	178166	0.0005064078340996
2247_INS_chromosome6_137912_len_65_TyRelated	6	137912	0.0002655536782529
5287_DUP_chromosome13_768038_len_61	13	768038	0.0001932082245954
1121_DEL_chromosome4_383487_len_-110	4	383487	0.0006893326684784
1121_DEL_chromosome4_383487_len_-110	4	383487	0.0003918654737227
5838_INS_chromosome15_227137_len_329_TyRelated	15	227137	0.000257668354442
169_DEL_chromosome1_182620_len_-342_TyRelated	1	182620	0.0001714621334459
3636_CONTR_chromosome9_390772_len_138	9	390772	0.0002549622024173
6497_INS_chromosome16_819448_len_330_TyRelated	16	819448	0.0002528869395293
2547_DEL_chromosome7_402267_len_-2961	7	402267	0.0002134440021754
3323_DEL_chromosome8_543610_len_-6028_TyRelated	8	543610	0.0003551490569882
2749_DEL_chromosome7_735981_len_-343_TyRelated	7	735981	0.0003311572849757
4599_INS_chromosome12_366135_len_329_TyRelated	12	366135	0.0002072563923584
6450_DEL_chromosome16_769319_len_-341_TyRelated	16	769319	0.0005618368146037
3137_DUP_chromosome8_212057_len_1931	8	212057	0.0003526292646604
904_DUP_chromosome3_269958_len_127	3	269958	0.00039367592721
909_DUP_chromosome3_269960_len_117	3	269960	0.0004497189376141
3085_DEL_chromosome8_193546_len_-532	8	193546	0.000189247577286
2247_INS_chromosome6_137912_len_65_TyRelated	6	137912	5.81498373855049e-05
6450_DEL_chromosome16_769319_len_-341_TyRelated	16	769319	0.000336118775673
5053_INS_chromosome13_183989_len_538_TyRelated	13	183989	0.0004269405621764
3559_DUP_chromosome9_300429_len_255	9	300429	0.0003235110993399
5266_INS_chromosome13_609802_len_415	13	609802	0.000366476506835
5040_DEL_chromosome13_168348_len_-334_TyRelated	13	168348	0.0001637839417147
2384_DEL_chromosome7_8632_len_-149	7	8632	0.00018883408322
6116_DEL_chromosome15_980259_len_-324	15	980259	0.0007959956381672
6116_DEL_chromosome15_980259_len_-324	15	980259	0.00051825294229
3138_DUP_chromosome8_212057_len_1931	8	212057	0.0005419176295011
939_DUP_chromosome3_295227_len_100	3	295227	0.0002965164524854
3349_DEL_chromosome8_556716_len_-5740	8	556716	0.0006034678742165
2247_INS_chromosome6_137912_len_65_TyRelated	6	137912	0.0008614642802594
5724_DUP_chromosome15_29598_len_82	15	29598	0.0001091613088079
1307_DEL_chromosome4_628742_len_-133	4	628742	0.0007600448610121
1119_DEL_chromosome4_383482_len_-425	4	383482	1.98950964751713e-06
5954_INS_chromosome15_487424_len_338_TyRelated	15	487424	0.0003655192023583
4876_INS_chromosome12_818474_len_329_TyRelated	12	818474	0.0001354567080909
2547_DEL_chromosome7_402267_len_-2961	7	402267	0.0008172696674864
5724_DUP_chromosome15_29598_len_82	15	29598	0.0001054584674867
2191_INS_chromosome6_30088_len_19888	6	30088	0.0003722199490916
6018_DEL_chromosome15_664813_len_-334_TyRelated	15	664813	0.0003537723016864
1547_DEL_chromosome4_1154716_len_-8238	4	1154716	0.0004663533519447
5153_INS_chromosome13_420977_len_211	13	420977	0.0001550971257742
2247_INS_chromosome6_137912_len_65_TyRelated	6	137912	7.04780197565781e-05
3194_INS_chromosome8_389007_len_337_TyRelated	8	389007	8.72292729333355e-06
4935_INS_chromosome12_1052239_len_320	12	1052239	0.0007331734783287
779_INS_chromosome3_90843_len_338_TyRelated	3	90843	9.25996131110681e-05
3949_DUP_chromosome10_400129_len_199	10	400129	0.0005257865923809
4684_INS_chromosome12_468943_len_8990	12	468943	0.0002945369605453
2749_DEL_chromosome7_735981_len_-343_TyRelated	7	735981	0.0004525828069393
6546_DEL_chromosome16_927358_len_-171	16	927358	7.3938415416114e-05
1128_INS_chromosome4_383993_len_942	4	383993	0.0004721610214623
2247_INS_chromosome6_137912_len_65_TyRelated	6	137912	1.00122744185085e-06
1307_DEL_chromosome4_628742_len_-133	4	628742	0.0002898582309805
3150_CONTR_chromosome8_214253_len_1984	8	214253	0.0005599097231031
3323_DEL_chromosome8_543610_len_-6028_TyRelated	8	543610	0.000279687877553
4417_DEL_chromosome11_647337_len_-654	11	647337	0.0006749969058644
6116_DEL_chromosome15_980259_len_-324	15	980259	0.0005796355945608
6546_DEL_chromosome16_927358_len_-171	16	927358	0.0003717984742786
3101_DUP_chromosome8_211575_len_1638	8	211575	0.0002423043812826
2749_DEL_chromosome7_735981_len_-343_TyRelated	7	735981	0.0002175520726556
2749_DEL_chromosome7_735981_len_-343_TyRelated	7	735981	0.0006569458026273
5608_DEL_chromosome14_726245_len_-699_TyRelated	14	726245	0.0004449699409882
214_DUP_chromosome1_198466_len_204	1	198466	2.23827880857568e-05
909_DUP_chromosome3_269960_len_117	3	269960	0.0003113529084624
3668_DEL_chromosome9_392253_len_-602	9	392253	0.0003800859991017
2191_INS_chromosome6_30088_len_19888	6	30088	0.0005399129586182
1264_DEL_chromosome4_530731_len_-4477	4	530731	0.0006092709916984
909_DUP_chromosome3_269960_len_117	3	269960	0.0001743749411965
4935_INS_chromosome12_1052239_len_320	12	1052239	0.0001031367476364
238_DEL_chromosome1_204897_len_-1506	1	204897	0.000242301728448
5838_INS_chromosome15_227137_len_329_TyRelated	15	227137	6.47907102152023e-05
1307_DEL_chromosome4_628742_len_-133	4	628742	0.0001427145147209
6099_DEL_chromosome15_970285_len_-5975_TyRelated	15	970285	0.0002263714596159
3266_DEL_chromosome8_525522_len_-13836	8	525522	3.8132396366168e-05
5724_DUP_chromosome15_29598_len_82	15	29598	0.0001781001499527
4935_INS_chromosome12_1052239_len_320	12	1052239	0.0001494570113606
3049_INS_chromosome8_133119_len_337_TyRelated	8	133119	6.90364656056134e-05
2208_DEL_chromosome6_32513_len_-236	6	32513	6.79321961285034e-05
169_DEL_chromosome1_182620_len_-342_TyRelated	1	182620	0.0004394648745916
5954_INS_chromosome15_487424_len_338_TyRelated	15	487424	6.26062177188642e-05
3641_DEL_chromosome9_390980_len_-124	9	390980	1.39250294617319e-05
3151_CONTR_chromosome8_214253_len_1985	8	214253	0.0003203553537575
5838_INS_chromosome15_227137_len_329_TyRelated	15	227137	0.0001591267449134
169_DEL_chromosome1_182620_len_-342_TyRelated	1	182620	0.0003875212299433
3263_INS_chromosome8_525463_len_1167	8	525463	0.0003230254010372
5954_INS_chromosome15_487424_len_338_TyRelated	15	487424	0.0003582818731335
5954_INS_chromosome15_487424_len_338_TyRelated	15	487424	0.0002350371907931
1652_INS_chromosome4_1461841_len_329_TyRelated	4	1461841	0.0003327214709198
4990_TRA_chromosome13_6184_len_8381	13	6184	0.000334594401096
2065_DEL_chromosome5_487833_len_-333_TyRelated	5	487833	4.7461084776697e-06
5943_INS_chromosome15_462774_len_329_TyRelated	15	462774	0.0001752328123539
6107_INS_chromosome15_976377_len_311_TyRelated	15	976377	0.0001857821700985
3323_DEL_chromosome8_543610_len_-6028_TyRelated	8	543610	0.0004160609731093
6099_DEL_chromosome15_970285_len_-5975_TyRelated	15	970285	0.0004553027950894
909_DUP_chromosome3_269960_len_117	3	269960	0.0002154193527593
2893_DEL_chromosome7_931690_len_-330_TyRelated	7	931690	0.0003737864504496
1071_DEL_chromosome4_127638_len_-1360	4	127638	6.12321092858265e-05
3023_INS_chromosome8_85385_len_171	8	85385	0.0001658010948043
1827_DEL_chromosome5_135608_len_-332_TyRelated	5	135608	0.0010305432362478
6450_DEL_chromosome16_769319_len_-341_TyRelated	16	769319	0.0011104613881473
5556_INV_chromosome14_574070_len_24090	14	574070	0.0002605624028619
2749_DEL_chromosome7_735981_len_-343_TyRelated	7	735981	1.61985201784542e-05
6107_INS_chromosome15_976377_len_311_TyRelated	15	976377	0.0001034534369445
2936_INS_chromosome7_1076129_len_11750	7	1076129	0.0002592799154388
4116_DEL_chromosome10_729995_len_-13296	10	729995	9.31301379507613e-05
4115_INS_chromosome10_729995_len_5443	10	729995	0.0003154823467222
3266_DEL_chromosome8_525522_len_-13836	8	525522	0.0002488221175751
3023_INS_chromosome8_85385_len_171	8	85385	3.6156256088968e-05
2936_INS_chromosome7_1076129_len_11750	7	1076129	0.0003295207042771
169_DEL_chromosome1_182620_len_-342_TyRelated	1	182620	0.0006716901704387
4705_INS_chromosome12_489480_len_1066	12	489480	0.0001292613834554
6546_DEL_chromosome16_927358_len_-171	16	927358	0.0007717381668995
6366_INS_chromosome16_560299_len_336_TyRelated	16	560299	0.0004620213146141
3194_INS_chromosome8_389007_len_337_TyRelated	8	389007	5.55797624892162e-05
6546_DEL_chromosome16_927358_len_-171	16	927358	5.37391228536071e-05
6099_DEL_chromosome15_970285_len_-5975_TyRelated	15	970285	0.0001880043954896
4875_INS_chromosome12_818474_len_686_TyRelated	12	818474	0.0006296327991248
4337_DEL_chromosome11_458139_len_-333_TyRelated	11	458139	0.0002414521198999
2065_DEL_chromosome5_487833_len_-333_TyRelated	5	487833	0.0005041220074978
4417_DEL_chromosome11_647337_len_-654	11	647337	5.78055391571291e-05
3049_INS_chromosome8_133119_len_337_TyRelated	8	133119	0.000252476447126
3453_DEL_chromosome9_30406_len_-229	9	30406	0.0001518170501369
3071_DEL_chromosome8_146330_len_-342_TyRelated	8	146330	0.0001274557905586
6369_DEL_chromosome16_560480_len_-333_TyRelated	16	560480	0.0003898461294762
1778_DEL_chromosome5_62141_len_-334_TyRelated	5	62141	0.0002120984647785
531_DEL_chromosome2_429115_len_-389	2	429115	0.0003091195162544
1757_DEL_chromosome5_14684_len_-317	5	14684	0.0001880570462649
4505_INS_chromosome12_31855_len_324	12	31855	0.0002662519444037
4115_INS_chromosome10_729995_len_5443	10	729995	0.0001511164429089
3266_DEL_chromosome8_525522_len_-13836	8	525522	0.000351570544447
4417_DEL_chromosome11_647337_len_-654	11	647337	0.000475167250286
2048_INS_chromosome5_449884_len_329_TyRelated	5	449884	0.0001805128485813
3071_DEL_chromosome8_146330_len_-342_TyRelated	8	146330	0.0002033289445741
3563_INS_chromosome9_300684_len_1557	9	300684	0.0005295237449335
6116_DEL_chromosome15_980259_len_-324	15	980259	0.0007174648931437
5724_DUP_chromosome15_29598_len_82	15	29598	0.000225808685323
3579_INS_chromosome9_324686_len_329_TyRelated	9	324686	0.0001518461546837
5838_INS_chromosome15_227137_len_329_TyRelated	15	227137	0.0002181288699609
5838_INS_chromosome15_227137_len_329_TyRelated	15	227137	0.0003270790258299
1119_DEL_chromosome4_383482_len_-425	4	383482	0.000564974023202
1943_DEL_chromosome5_354292_len_-439_TyRelated	5	354292	0.0003492430223381
3194_INS_chromosome8_389007_len_337_TyRelated	8	389007	0.0001896496804622
4115_INS_chromosome10_729995_len_5443	10	729995	4.8572127836767e-05
754_INS_chromosome3_84069_len_323	3	84069	0.0001528003040534
2247_INS_chromosome6_137912_len_65_TyRelated	6	137912	0.0001259706463732
5040_DEL_chromosome13_168348_len_-334_TyRelated	13	168348	0.0001978017624371
5556_INV_chromosome14_574070_len_24090	14	574070	8.35903244893508e-05
4505_INS_chromosome12_31855_len_324	12	31855	0.0008032311805254
531_DEL_chromosome2_429115_len_-389	2	429115	2.97051182761486e-05
742_INS_chromosome3_82707_len_3619_TyRelated	3	82707	0.000224367770771
4067_INS_chromosome10_628805_len_273	10	628805	9.6041940327637e-05
2778_INS_chromosome7_779330_len_327_TyRelated	7	779330	0.0001141285503934
3262_INS_chromosome8_525463_len_324	8	525463	0.0003632951144917
779_INS_chromosome3_90843_len_338_TyRelated	3	90843	0.0003239635871986
942_INS_chromosome3_295361_len_329_TyRelated	3	295361	0.0001570087531277
3579_INS_chromosome9_324686_len_329_TyRelated	9	324686	0.0008369982397855
214_DUP_chromosome1_198466_len_204	1	198466	0.0006145278677202
4935_INS_chromosome12_1052239_len_320	12	1052239	5.46242348704513e-05
6018_DEL_chromosome15_664813_len_-334_TyRelated	15	664813	0.0008735600159724
214_DUP_chromosome1_198466_len_204	1	198466	0.0003023828019271
3150_CONTR_chromosome8_214253_len_1984	8	214253	0.0001575193475848
6099_DEL_chromosome15_970285_len_-5975_TyRelated	15	970285	0.0006683046395378
3194_INS_chromosome8_389007_len_337_TyRelated	8	389007	0.0001746607912987
6018_DEL_chromosome15_664813_len_-334_TyRelated	15	664813	0.0009900090123412
3618_DEL_chromosome9_382842_len_-95	9	382842	0.0006388031693981
1968_DEL_chromosome5_431489_len_-334_TyRelated	5	431489	0.0001269061424555
4374_DEL_chromosome11_517455_len_-330_TyRelated	11	517455	0.0006211442932489
904_DUP_chromosome3_269958_len_127	3	269958	0.000699423016619
214_DUP_chromosome1_198466_len_204	1	198466	1.89214199663871e-05
4684_INS_chromosome12_468943_len_8990	12	468943	6.17127262597639e-07
4417_DEL_chromosome11_647337_len_-654	11	647337	0.0001424260292613
2191_INS_chromosome6_30088_len_19888	6	30088	0.0002691127227309
3071_DEL_chromosome8_146330_len_-342_TyRelated	8	146330	0.000306362652525
3262_INS_chromosome8_525463_len_324	8	525463	7.24053514985317e-05
3547_DEL_chromosome9_246219_len_-334_TyRelated	9	246219	0.000308707979926
3266_DEL_chromosome8_525522_len_-13836	8	525522	0.0007887232374456
5724_DUP_chromosome15_29598_len_82	15	29598	0.0002715247436946
4779_INS_chromosome12_687944_len_337_TyRelated	12	687944	0.0003310558390681
3150_CONTR_chromosome8_214253_len_1984	8	214253	0.0001424537524495
6099_DEL_chromosome15_970285_len_-5975_TyRelated	15	970285	0.0003490095725735
1757_DEL_chromosome5_14684_len_-317	5	14684	6.22687630676931e-05
2065_DEL_chromosome5_487833_len_-333_TyRelated	5	487833	0.0003881349962289
2247_INS_chromosome6_137912_len_65_TyRelated	6	137912	6.02913818609545e-05
5556_INV_chromosome14_574070_len_24090	14	574070	0.000287591246388
4706_DEL_chromosome12_489480_len_-273	12	489480	0.0006918002841345
531_DEL_chromosome2_429115_len_-389	2	429115	0.0001095568299153
1307_DEL_chromosome4_628742_len_-133	4	628742	0.0006879818247451
2936_INS_chromosome7_1076129_len_11750	7	1076129	0.0002037216483781
5153_INS_chromosome13_420977_len_211	13	420977	0.0002226274634266
3263_INS_chromosome8_525463_len_1167	8	525463	0.0006281781528278
2778_INS_chromosome7_779330_len_327_TyRelated	7	779330	0.0003391118386995
3262_INS_chromosome8_525463_len_324	8	525463	0.0001441579311867
5107_INS_chromosome13_321292_len_329_TyRelated	13	321292	0.0003454602301307
3618_DEL_chromosome9_382842_len_-95	9	382842	6.40911147488411e-05
2384_DEL_chromosome7_8632_len_-149	7	8632	0.0008125026701719
5614_DEL_chromosome14_726613_len_-331_TyRelated	14	726613	8.18429004585172e-05
3672_INS_chromosome9_392406_len_188	9	392406	0.0001512927300789
3903_DEL_chromosome10_354843_len_-332_TyRelated	10	354843	0.0002830604137253
214_DUP_chromosome1_198466_len_204	1	198466	0.0002607006665936
4875_INS_chromosome12_818474_len_686_TyRelated	12	818474	0.0008616365507624
531_DEL_chromosome2_429115_len_-389	2	429115	0.0002323008868295
6018_DEL_chromosome15_664813_len_-334_TyRelated	15	664813	6.70974493661871e-05
2749_DEL_chromosome7_735981_len_-343_TyRelated	7	735981	1.64097105103647e-05
3139_DUP_chromosome8_212057_len_1931	8	212057	0.0003062498902002
5040_DEL_chromosome13_168348_len_-334_TyRelated	13	168348	0.0002866222412231
2749_DEL_chromosome7_735981_len_-343_TyRelated	7	735981	5.62848876322211e-05
904_DUP_chromosome3_269958_len_127	3	269958	0.0005710743285288
3237_INS_chromosome8_475937_len_328_TyRelated	8	475937	1.92927588998244e-05
5556_INV_chromosome14_574070_len_24090	14	574070	0.0001950203648009
4337_DEL_chromosome11_458139_len_-333_TyRelated	11	458139	0.0005257708407184
3559_DUP_chromosome9_300429_len_255	9	300429	0.0004360173050096
3262_INS_chromosome8_525463_len_324	8	525463	0.0003241475880272
3453_DEL_chromosome9_30406_len_-229	9	30406	0.0001501765266107
214_DUP_chromosome1_198466_len_204	1	198466	0.0002739868424106
2547_DEL_chromosome7_402267_len_-2961	7	402267	0.0002985607671541
5586_INS_chromosome14_632408_len_5945_TyRelated	14	632408	0.0008958257618815
3266_DEL_chromosome8_525522_len_-13836	8	525522	0.0001282758232664
1119_DEL_chromosome4_383482_len_-425	4	383482	0.0004326426633647
577_DEL_chromosome2_643488_len_-370_TyRelated	2	643488	0.000227652816306
5107_INS_chromosome13_321292_len_329_TyRelated	13	321292	0.0006492012759004
4781_INS_chromosome12_687944_len_6302_TyRelated	12	687944	0.0003635679763499
1778_DEL_chromosome5_62141_len_-334_TyRelated	5	62141	7.089640108703e-05
6450_DEL_chromosome16_769319_len_-341_TyRelated	16	769319	4.87118940983024e-05
6099_DEL_chromosome15_970285_len_-5975_TyRelated	15	970285	4.88324199828858e-05
1652_INS_chromosome4_1461841_len_329_TyRelated	4	1461841	0.0005989416269479
5724_DUP_chromosome15_29598_len_82	15	29598	3.92180864698762e-05
3137_DUP_chromosome8_212057_len_1931	8	212057	3.51081421083661e-05
3137_DUP_chromosome8_212057_len_1931	8	212057	0.0007155667833786
1757_DEL_chromosome5_14684_len_-317	5	14684	2.52136510244375e-05
1146_INS_chromosome4_384494_len_244	4	384494	0.0003163497672411
2510_DEL_chromosome7_319422_len_-339_TyRelated	7	319422	0.0001509203543194
5838_INS_chromosome15_227137_len_329_TyRelated	15	227137	0.0004985168631255
3559_DUP_chromosome9_300429_len_255	9	300429	0.0002198490845943
1183_DEL_chromosome4_435288_len_-97	4	435288	0.0008425905955912
1757_DEL_chromosome5_14684_len_-317	5	14684	0.0002810142730594
2936_INS_chromosome7_1076129_len_11750	7	1076129	0.0005031154865702
3949_DUP_chromosome10_400129_len_199	10	400129	0.0002000659146834
3668_DEL_chromosome9_392253_len_-602	9	392253	0.0004321369394443
3071_DEL_chromosome8_146330_len_-342_TyRelated	8	146330	0.0002392409387459
1071_DEL_chromosome4_127638_len_-1360	4	127638	0.0003438476300605
3641_DEL_chromosome9_390980_len_-124	9	390980	0.0003058661899588
3618_DEL_chromosome9_382842_len_-95	9	382842	9.03471283273069e-05
6369_DEL_chromosome16_560480_len_-333_TyRelated	16	560480	0.000103429892783
3969_INS_chromosome10_416782_len_329_TyRelated	10	416782	0.000147201986146
1827_DEL_chromosome5_135608_len_-332_TyRelated	5	135608	0.0003649024771053
3266_DEL_chromosome8_525522_len_-13836	8	525522	7.87029000897404e-05
2778_INS_chromosome7_779330_len_327_TyRelated	7	779330	0.0003290054566949
5838_INS_chromosome15_227137_len_329_TyRelated	15	227137	0.0001600580278022
1757_DEL_chromosome5_14684_len_-317	5	14684	0.0002140650636011
3559_DUP_chromosome9_300429_len_255	9	300429	0.0003876115846563
5954_INS_chromosome15_487424_len_338_TyRelated	15	487424	0.0004628106215515
3618_DEL_chromosome9_382842_len_-95	9	382842	0.0007607907709434
4779_INS_chromosome12_687944_len_337_TyRelated	12	687944	0.0002387287848806
2065_DEL_chromosome5_487833_len_-333_TyRelated	5	487833	0.0006649752694432
3672_INS_chromosome9_392406_len_188	9	392406	7.54833324939423e-05
1146_INS_chromosome4_384494_len_244	4	384494	0.0004230657028839
4374_DEL_chromosome11_517455_len_-330_TyRelated	11	517455	0.0004032988891794
6546_DEL_chromosome16_927358_len_-171	16	927358	0.0006251761608555
5954_INS_chromosome15_487424_len_338_TyRelated	15	487424	0.0001340077144352
1128_INS_chromosome4_383993_len_942	4	383993	0.0002658085357258
1307_DEL_chromosome4_628742_len_-133	4	628742	0.0004612951976205
531_DEL_chromosome2_429115_len_-389	2	429115	2.04626175758914e-05
2778_INS_chromosome7_779330_len_327_TyRelated	7	779330	0.0003405934303297
742_INS_chromosome3_82707_len_3619_TyRelated	3	82707	5.04503939394379e-05
2048_INS_chromosome5_449884_len_329_TyRelated	5	449884	0.0003155207125184
1231_DEL_chromosome4_513258_len_-325	4	513258	0.0001247038193684
2065_DEL_chromosome5_487833_len_-333_TyRelated	5	487833	9.36244360208842e-06
2778_INS_chromosome7_779330_len_327_TyRelated	7	779330	3.94884770514894e-06
2065_DEL_chromosome5_487833_len_-333_TyRelated	5	487833	8.34060666476973e-05
3071_DEL_chromosome8_146330_len_-342_TyRelated	8	146330	6.54352196243961e-05
3160_INS_chromosome8_237993_len_406_TyRelated	8	237993	0.0001503093628815
3876_INS_chromosome10_293134_len_92	10	293134	0.0001313741471945
6207_INS_chromosome16_15495_len_53	16	15495	0.0004323026854896
3618_DEL_chromosome9_382842_len_-95	9	382842	0.0007603060995167
4935_INS_chromosome12_1052239_len_320	12	1052239	8.82023679895016e-05
5040_DEL_chromosome13_168348_len_-334_TyRelated	13	168348	0.0003140998381536
5107_INS_chromosome13_321292_len_329_TyRelated	13	321292	0.0008836205301953
379_DEL_chromosome2_28216_len_-75	2	28216	0.0003849600893248
2384_DEL_chromosome7_8632_len_-149	7	8632	9.329502495133e-05
1827_DEL_chromosome5_135608_len_-332_TyRelated	5	135608	0.0002212842818688
3151_CONTR_chromosome8_214253_len_1985	8	214253	0.0005560875762802
1757_DEL_chromosome5_14684_len_-317	5	14684	0.0006642654278779
1392_DEL_chromosome4_802920_len_-2935_TyRelated	4	802920	0.0005856633827544
3510_DEL_chromosome9_196653_len_-371_TyRelated	9	196653	0.0004710258469316
5040_DEL_chromosome13_168348_len_-334_TyRelated	13	168348	0.0002215146367483
1757_DEL_chromosome5_14684_len_-317	5	14684	0.0001243772899394
2749_DEL_chromosome7_735981_len_-343_TyRelated	7	735981	0.0002301617482121
3262_INS_chromosome8_525463_len_324	8	525463	0.0004488609025733
531_DEL_chromosome2_429115_len_-389	2	429115	0.0001996107276298
779_INS_chromosome3_90843_len_338_TyRelated	3	90843	0.0002704160621222
3510_DEL_chromosome9_196653_len_-371_TyRelated	9	196653	0.0003028105658397
1561_DEL_chromosome4_1175315_len_-333	4	1175315	0.0003197648582515
5266_INS_chromosome13_609802_len_415	13	609802	0.0005307108876137
3266_DEL_chromosome8_525522_len_-13836	8	525522	0.0005235142006433
214_DUP_chromosome1_198466_len_204	1	198466	0.0001967417849978
4705_INS_chromosome12_489480_len_1066	12	489480	0.0001189481935117
5724_DUP_chromosome15_29598_len_82	15	29598	2.57791558111542e-05
238_DEL_chromosome1_204897_len_-1506	1	204897	0.0004866249828805
4055_DEL_chromosome10_543605_len_-95	10	543605	0.0001012321657071
4705_INS_chromosome12_489480_len_1066	12	489480	7.23504726627871e-05
2749_DEL_chromosome7_735981_len_-343_TyRelated	7	735981	6.31530341363869e-05
2893_DEL_chromosome7_931690_len_-330_TyRelated	7	931690	3.21822250869569e-06
5556_INV_chromosome14_574070_len_24090	14	574070	0.0005340691267459
3198_DEL_chromosome8_389176_len_-334_TyRelated	8	389176	0.0003658590602884
4055_DEL_chromosome10_543605_len_-95	10	543605	0.0003427114280615
2749_DEL_chromosome7_735981_len_-343_TyRelated	7	735981	6.20274942142804e-06
5838_INS_chromosome15_227137_len_329_TyRelated	15	227137	0.0005108319949157
3262_INS_chromosome8_525463_len_324	8	525463	3.9169310931335e-05
3194_INS_chromosome8_389007_len_337_TyRelated	8	389007	0.0001056623114579
1542_DEL_chromosome4_1151368_len_-256	4	1151368	4.80436158817061e-05
41_DEL_chromosome1_13326_len_-12211	1	13326	5.34772914105331e-05
3618_DEL_chromosome9_382842_len_-95	9	382842	5.01057238871978e-05
1547_DEL_chromosome4_1154716_len_-8238	4	1154716	0.0001807086705429
3949_DUP_chromosome10_400129_len_199	10	400129	0.0002040945866305
2845_INS_chromosome7_879093_len_329_TyRelated	7	879093	4.02328461211615e-06
6099_DEL_chromosome15_970285_len_-5975_TyRelated	15	970285	0.0003828578084218
2749_DEL_chromosome7_735981_len_-343_TyRelated	7	735981	0.0006078254223929
1614_CONTR_chromosome4_1308046_len_509	4	1308046	0.000419735635032
1264_DEL_chromosome4_530731_len_-4477	4	530731	0.0006611864346393
1333_DEL_chromosome4_668096_len_-341_TyRelated	4	668096	0.0007844990357612
1778_DEL_chromosome5_62141_len_-334_TyRelated	5	62141	0.000565372533747
6099_DEL_chromosome15_970285_len_-5975_TyRelated	15	970285	8.05753222136693e-05
3049_INS_chromosome8_133119_len_337_TyRelated	8	133119	9.10586004244042e-05
1547_DEL_chromosome4_1154716_len_-8238	4	1154716	0.0005115274734103
169_DEL_chromosome1_182620_len_-342_TyRelated	1	182620	0.0005272342267086
4935_INS_chromosome12_1052239_len_320	12	1052239	7.73101006640417e-05
2749_DEL_chromosome7_735981_len_-343_TyRelated	7	735981	0.0005650136645248
3198_DEL_chromosome8_389176_len_-334_TyRelated	8	389176	0.0002354753511588
2384_DEL_chromosome7_8632_len_-149	7	8632	1.11256229735667e-05
909_DUP_chromosome3_269960_len_117	3	269960	0.0005407766971908
5954_INS_chromosome15_487424_len_338_TyRelated	15	487424	0.0004884373918889
3618_DEL_chromosome9_382842_len_-95	9	382842	0.0003147055474141
2247_INS_chromosome6_137912_len_65_TyRelated	6	137912	0.0005990855977336
2065_DEL_chromosome5_487833_len_-333_TyRelated	5	487833	0.0001409063222562
5943_INS_chromosome15_462774_len_329_TyRelated	15	462774	8.13569205390114e-05
3836_DEL_chromosome10_197494_len_-6621_TyRelated	10	197494	0.0004936174620675
6107_INS_chromosome15_976377_len_311_TyRelated	15	976377	3.24809622979007e-05
1064_INS_chromosome4_83414_len_5957_TyRelated	4	83414	9.84557680582035e-05
3618_DEL_chromosome9_382842_len_-95	9	382842	0.0004864818884683
1071_DEL_chromosome4_127638_len_-1360	4	127638	0.0004543531915577
4607_DEL_chromosome12_373998_len_-341_TyRelated	12	373998	0.0001287982152097
5614_DEL_chromosome14_726613_len_-331_TyRelated	14	726613	0.0003386165207072
3194_INS_chromosome8_389007_len_337_TyRelated	8	389007	0.0001014223085506
6099_DEL_chromosome15_970285_len_-5975_TyRelated	15	970285	1.52046553275497e-05
5838_INS_chromosome15_227137_len_329_TyRelated	15	227137	0.000253810704135
6207_INS_chromosome16_15495_len_53	16	15495	0.0003435602748559
1152_CONTR_chromosome4_384947_len_141	4	384947	0.0008256632978507
3237_INS_chromosome8_475937_len_328_TyRelated	8	475937	4.65310485671788e-06
1251_DEL_chromosome4_520473_len_-332	4	520473	0.000278342512765
2639_INS_chromosome7_561752_len_339_TyRelated	7	561752	0.0001459571256197
4935_INS_chromosome12_1052239_len_320	12	1052239	0.0004172313345041
5502_DEL_chromosome14_503833_len_-107	14	503833	0.0004405319605751
214_DUP_chromosome1_198466_len_204	1	198466	6.01285979782361e-05
4328_INS_chromosome11_389144_len_183	11	389144	0.0002884684984695
2400_INS_chromosome7_73912_len_337_TyRelated	7	73912	0.0004281598455098
3618_DEL_chromosome9_382842_len_-95	9	382842	0.0001390891859986
909_DUP_chromosome3_269960_len_117	3	269960	0.0001596322032256
3023_INS_chromosome8_85385_len_171	8	85385	0.0001101299226986
2384_DEL_chromosome7_8632_len_-149	7	8632	0.0006417292916389
5838_INS_chromosome15_227137_len_329_TyRelated	15	227137	0.0008802072266119
2749_DEL_chromosome7_735981_len_-343_TyRelated	7	735981	0.0002072458116293
169_DEL_chromosome1_182620_len_-342_TyRelated	1	182620	0.000247595001655
5153_INS_chromosome13_420977_len_211	13	420977	0.0002519626745523
939_DUP_chromosome3_295227_len_100	3	295227	0.0001578245017126
4599_INS_chromosome12_366135_len_329_TyRelated	12	366135	0.0005033431442327
5838_INS_chromosome15_227137_len_329_TyRelated	15	227137	0.0001961012898297
4781_INS_chromosome12_687944_len_6302_TyRelated	12	687944	7.05070571469277e-05
939_DUP_chromosome3_295227_len_100	3	295227	0.0003343535324321
5954_INS_chromosome15_487424_len_338_TyRelated	15	487424	0.000352759245165
1076_CONTR_chromosome4_137861_len_74	4	137861	0.0006235740456538
4318_INS_chromosome11_379666_len_338_TyRelated	11	379666	0.0002771830635581
1119_DEL_chromosome4_383482_len_-425	4	383482	0.0003384558688274
1943_DEL_chromosome5_354292_len_-439_TyRelated	5	354292	0.0002579420196959
1943_DEL_chromosome5_354292_len_-439_TyRelated	5	354292	0.0001455597153561
1778_DEL_chromosome5_62141_len_-334_TyRelated	5	62141	0.000693313192999
3895_INS_chromosome10_354639_len_330_TyRelated	10	354639	8.99783813064249e-05
2384_DEL_chromosome7_8632_len_-149	7	8632	0.0004254957534949
3641_DEL_chromosome9_390980_len_-124	9	390980	0.000181928270839
1743_INS_chromosome5_6793_len_1906	5	6793	0.0002659789608149
3263_INS_chromosome8_525463_len_1167	8	525463	0.0007563860739865
6099_DEL_chromosome15_970285_len_-5975_TyRelated	15	970285	0.0005828783740161
942_INS_chromosome3_295361_len_329_TyRelated	3	295361	0.0002829217917882
3138_DUP_chromosome8_212057_len_1931	8	212057	0.0001140349383114
3139_DUP_chromosome8_212057_len_1931	8	212057	0.0004537777832109
4417_DEL_chromosome11_647337_len_-654	11	647337	0.0004468874034389
3672_INS_chromosome9_392406_len_188	9	392406	0.0004415940830966
909_DUP_chromosome3_269960_len_117	3	269960	0.0003378236510475
5424_INS_chromosome14_96609_len_83_TyRelated	14	96609	0.0002864164316316
2749_DEL_chromosome7_735981_len_-343_TyRelated	7	735981	0.0001497369901895
6107_INS_chromosome15_976377_len_311_TyRelated	15	976377	0.0001907054191021
1064_INS_chromosome4_83414_len_5957_TyRelated	4	83414	0.0004925808283168
6546_DEL_chromosome16_927358_len_-171	16	927358	0.0004045664423859
6369_DEL_chromosome16_560480_len_-333_TyRelated	16	560480	0.0002020232712419
3151_CONTR_chromosome8_214253_len_1985	8	214253	0.0001106004407853
1076_CONTR_chromosome4_137861_len_74	4	137861	8.98974585289337e-05
5724_DUP_chromosome15_29598_len_82	15	29598	0.0004048295015071
2035_DEL_chromosome5_443369_len_-6262_TyRelated	5	443369	0.0009359904369437
1503_DEL_chromosome4_1023136_len_-341_TyRelated	4	1023136	0.0010221972305346
1128_INS_chromosome4_383993_len_942	4	383993	9.3520194675231e-05
1146_INS_chromosome4_384494_len_244	4	384494	0.0008744273391868
3266_DEL_chromosome8_525522_len_-13836	8	525522	0.000476729440679
1743_INS_chromosome5_6793_len_1906	5	6793	0.0002987822917206
5201_DEL_chromosome13_503770_len_-371_TyRelated	13	503770	0.0001439269013313
6030_DEL_chromosome15_703507_len_-194	15	703507	0.0005699619984107
5954_INS_chromosome15_487424_len_338_TyRelated	15	487424	0.001101787732621
4044_DEL_chromosome10_541094_len_-334_TyRelated	10	541094	0.0006004064643659
1547_DEL_chromosome4_1154716_len_-8238	4	1154716	0.0006170913612935
1151_DEL_chromosome4_384889_len_-92	4	384889	0.0001668135582466
5201_DEL_chromosome13_503770_len_-371_TyRelated	13	503770	0.0007867444144625
1757_DEL_chromosome5_14684_len_-317	5	14684	7.46881047920935e-05
3618_DEL_chromosome9_382842_len_-95	9	382842	0.0002550124650024
2065_DEL_chromosome5_487833_len_-333_TyRelated	5	487833	0.0002784825450855
6450_DEL_chromosome16_769319_len_-341_TyRelated	16	769319	4.98898071602036e-05
3160_INS_chromosome8_237993_len_406_TyRelated	8	237993	0.0003347893445178
2065_DEL_chromosome5_487833_len_-333_TyRelated	5	487833	9.6389675743138e-05
4607_DEL_chromosome12_373998_len_-341_TyRelated	12	373998	0.0002189672262335
3049_INS_chromosome8_133119_len_337_TyRelated	8	133119	0.0002949112978825
238_DEL_chromosome1_204897_len_-1506	1	204897	0.000191881212795
5608_DEL_chromosome14_726245_len_-699_TyRelated	14	726245	0.0003045918901743
3100_DUP_chromosome8_211575_len_1638	8	211575	9.49225769405684e-05
4055_DEL_chromosome10_543605_len_-95	10	543605	4.28753841257108e-05
3510_DEL_chromosome9_196653_len_-371_TyRelated	9	196653	0.0001896084838824
6099_DEL_chromosome15_970285_len_-5975_TyRelated	15	970285	0.0006619850520067
4417_DEL_chromosome11_647337_len_-654	11	647337	0.000429658196269
5954_INS_chromosome15_487424_len_338_TyRelated	15	487424	0.0001555129983981
3137_DUP_chromosome8_212057_len_1931	8	212057	0.0005854979825964
1757_DEL_chromosome5_14684_len_-317	5	14684	0.0001519608421546
2247_INS_chromosome6_137912_len_65_TyRelated	6	137912	0.0003567087540887
3266_DEL_chromosome8_525522_len_-13836	8	525522	0.0002058692670523
5724_DUP_chromosome15_29598_len_82	15	29598	0.0001111980905549
939_DUP_chromosome3_295227_len_100	3	295227	0.000137623323917
2784_INS_chromosome7_793890_len_135	7	793890	6.86896561211557e-05
942_INS_chromosome3_295361_len_329_TyRelated	3	295361	0.000288937348291
6116_DEL_chromosome15_980259_len_-324	15	980259	0.0003981073212502
1827_DEL_chromosome5_135608_len_-332_TyRelated	5	135608	4.19060040938693e-05
5922_INS_chromosome15_385209_len_127	15	385209	8.53761801793068e-05
5921_INS_chromosome15_385209_len_118	15	385209	0.0004023794955128
2936_INS_chromosome7_1076129_len_11750	7	1076129	0.0004220856427639
1977_DEL_chromosome5_434630_len_-342_TyRelated	5	434630	0.0003317697829438
6116_DEL_chromosome15_980259_len_-324	15	980259	0.0007418044912973
1151_DEL_chromosome4_384889_len_-92	4	384889	0.0001148290449734
1119_DEL_chromosome4_383482_len_-425	4	383482	0.0002728279795175
1152_CONTR_chromosome4_384947_len_141	4	384947	0.0003322271663269
4417_DEL_chromosome11_647337_len_-654	11	647337	5.72508190847386e-05
159_INS_chromosome1_181124_len_672_TyRelated	1	181124	9.8582817081802e-05
169_DEL_chromosome1_182620_len_-342_TyRelated	1	182620	0.000253635271725
2749_DEL_chromosome7_735981_len_-343_TyRelated	7	735981	0.0005310931935628
3194_INS_chromosome8_389007_len_337_TyRelated	8	389007	0.0006112344871158
1119_DEL_chromosome4_383482_len_-425	4	383482	0.0001415191457837
3194_INS_chromosome8_389007_len_337_TyRelated	8	389007	0.0006905190938351
4337_DEL_chromosome11_458139_len_-333_TyRelated	11	458139	2.34510570044486e-05
2400_INS_chromosome7_73912_len_337_TyRelated	7	73912	0.000710451604469
2247_INS_chromosome6_137912_len_65_TyRelated	6	137912	0.000159861061937
3636_CONTR_chromosome9_390772_len_138	9	390772	0.0003551193488508
1977_DEL_chromosome5_434630_len_-342_TyRelated	5	434630	3.84981978556423e-05
938_INS_chromosome3_295227_len_399_TyRelated	3	295227	0.0009763587114084
5614_DEL_chromosome14_726613_len_-331_TyRelated	14	726613	0.0003814866457687
2936_INS_chromosome7_1076129_len_11750	7	1076129	3.74116559033485e-05
6546_DEL_chromosome16_927358_len_-171	16	927358	0.0006517279443044
939_DUP_chromosome3_295227_len_100	3	295227	0.0004869350903361
4374_DEL_chromosome11_517455_len_-330_TyRelated	11	517455	8.90655003310868e-05
3266_DEL_chromosome8_525522_len_-13836	8	525522	7.6171955261234e-05
3263_INS_chromosome8_525463_len_1167	8	525463	0.0002493364816972
1128_INS_chromosome4_383993_len_942	4	383993	5.70436269305858e-05
2936_INS_chromosome7_1076129_len_11750	7	1076129	0.0005887126810223
5040_DEL_chromosome13_168348_len_-334_TyRelated	13	168348	0.0005563763077851
3137_DUP_chromosome8_212057_len_1931	8	212057	0.0007848441616871
2510_DEL_chromosome7_319422_len_-339_TyRelated	7	319422	4.91630780724849e-05
909_DUP_chromosome3_269960_len_117	3	269960	0.0005588803450601
5201_DEL_chromosome13_503770_len_-371_TyRelated	13	503770	0.000350205387233
5556_INV_chromosome14_574070_len_24090	14	574070	0.0003641795683282
1542_DEL_chromosome4_1151368_len_-256	4	1151368	0.0002342305948711
4417_DEL_chromosome11_647337_len_-654	11	647337	0.0003223528438116
3559_DUP_chromosome9_300429_len_255	9	300429	0.0003159038569571
58_DEL_chromosome1_25003_len_-1336	1	25003	2.59124113189759e-05
2778_INS_chromosome7_779330_len_327_TyRelated	7	779330	0.0001838027015747
1943_DEL_chromosome5_354292_len_-439_TyRelated	5	354292	4.60199939747176e-06
2936_INS_chromosome7_1076129_len_11750	7	1076129	0.000369128963789
2035_DEL_chromosome5_443369_len_-6262_TyRelated	5	443369	2.33572057932553e-05
6018_DEL_chromosome15_664813_len_-334_TyRelated	15	664813	0.0006507801615517
3263_INS_chromosome8_525463_len_1167	8	525463	0.0005289576024075
4337_DEL_chromosome11_458139_len_-333_TyRelated	11	458139	7.79284352476085e-05
3085_DEL_chromosome8_193546_len_-532	8	193546	5.69610487023443e-05
942_INS_chromosome3_295361_len_329_TyRelated	3	295361	2.08228088589227e-05
3194_INS_chromosome8_389007_len_337_TyRelated	8	389007	0.0007862916992922
3895_INS_chromosome10_354639_len_330_TyRelated	10	354639	0.0001522836530487
4599_INS_chromosome12_366135_len_329_TyRelated	12	366135	2.95108540597031e-05
214_DUP_chromosome1_198466_len_204	1	198466	0.0001581453125812
3071_DEL_chromosome8_146330_len_-342_TyRelated	8	146330	0.0002523566818629
2936_INS_chromosome7_1076129_len_11750	7	1076129	0.0005293566271729
4990_TRA_chromosome13_6184_len_8381	13	6184	1.38779374162388e-05
5838_INS_chromosome15_227137_len_329_TyRelated	15	227137	0.0003020271900751
5724_DUP_chromosome15_29598_len_82	15	29598	0.0002096040681288
3160_INS_chromosome8_237993_len_406_TyRelated	8	237993	0.0001118689082132
41_DEL_chromosome1_13326_len_-12211	1	13326	0.0003458264708973
372_DEL_chromosome2_9092_len_-337_TyRelated	2	9092	0.0005065119999342
3194_INS_chromosome8_389007_len_337_TyRelated	8	389007	0.0002646778725878
3266_DEL_chromosome8_525522_len_-13836	8	525522	0.0002067367812717
1128_INS_chromosome4_383993_len_942	4	383993	5.50109849367049e-06
2936_INS_chromosome7_1076129_len_11750	7	1076129	1.2941032186294e-05
1943_DEL_chromosome5_354292_len_-439_TyRelated	5	354292	1.17060740449307e-05
214_DUP_chromosome1_198466_len_204	1	198466	0.0003538727220081
2749_DEL_chromosome7_735981_len_-343_TyRelated	7	735981	0.0001468507109088
6369_DEL_chromosome16_560480_len_-333_TyRelated	16	560480	0.0001755433839311
904_DUP_chromosome3_269958_len_127	3	269958	0.0003202433790055
2065_DEL_chromosome5_487833_len_-333_TyRelated	5	487833	0.0002279411402517
5922_INS_chromosome15_385209_len_127	15	385209	0.0003427516824271
6450_DEL_chromosome16_769319_len_-341_TyRelated	16	769319	0.0005759616360136
2775_DEL_chromosome7_778956_len_-156	7	778956	0.0001714541045784
6450_DEL_chromosome16_769319_len_-341_TyRelated	16	769319	9.19386539566602e-05
909_DUP_chromosome3_269960_len_117	3	269960	0.0005908647969264
2065_DEL_chromosome5_487833_len_-333_TyRelated	5	487833	0.0004420244896125
2384_DEL_chromosome7_8632_len_-149	7	8632	0.000552575791481
3636_CONTR_chromosome9_390772_len_138	9	390772	0.0001097896937421
1943_DEL_chromosome5_354292_len_-439_TyRelated	5	354292	0.000292865853908
6366_INS_chromosome16_560299_len_336_TyRelated	16	560299	0.0002540207486456
3323_DEL_chromosome8_543610_len_-6028_TyRelated	8	543610	0.0002862156269311
1128_INS_chromosome4_383993_len_942	4	383993	4.00536448780968e-05
3071_DEL_chromosome8_146330_len_-342_TyRelated	8	146330	0.00054082664124
6366_INS_chromosome16_560299_len_336_TyRelated	16	560299	0.0009280502272841
6497_INS_chromosome16_819448_len_330_TyRelated	16	819448	0.0002753573718118
3266_DEL_chromosome8_525522_len_-13836	8	525522	0.000468723814474
6116_DEL_chromosome15_980259_len_-324	15	980259	0.0001740609442767
3835_INS_chromosome10_197494_len_449_TyRelated	10	197494	2.93008389341774e-05
2065_DEL_chromosome5_487833_len_-333_TyRelated	5	487833	0.000457914006227
6546_DEL_chromosome16_927358_len_-171	16	927358	2.38818242959612e-05
3025_INS_chromosome8_85388_len_168	8	85388	0.0001213398889951
3023_INS_chromosome8_85385_len_171	8	85385	0.0001398170957224
1778_DEL_chromosome5_62141_len_-334_TyRelated	5	62141	6.20954459475579e-05
3618_DEL_chromosome9_382842_len_-95	9	382842	0.0006491293196395
5954_INS_chromosome15_487424_len_338_TyRelated	15	487424	0.0004389902013004
1547_DEL_chromosome4_1154716_len_-8238	4	1154716	0.000207862959132
6546_DEL_chromosome16_927358_len_-171	16	927358	0.0008114059079651
214_DUP_chromosome1_198466_len_204	1	198466	3.27681073880741e-05
6366_INS_chromosome16_560299_len_336_TyRelated	16	560299	0.0008226518212799
1741_INS_chromosome5_6383_len_109	5	6383	0.0004065978299835
1757_DEL_chromosome5_14684_len_-317	5	14684	0.0003621686044704
5838_INS_chromosome15_227137_len_329_TyRelated	15	227137	3.2272560632322e-05
4607_DEL_chromosome12_373998_len_-341_TyRelated	12	373998	0.0002150869790331
3137_DUP_chromosome8_212057_len_1931	8	212057	0.0007312544547874
2749_DEL_chromosome7_735981_len_-343_TyRelated	7	735981	0.0002937465598891
4935_INS_chromosome12_1052239_len_320	12	1052239	0.0001461521988659
2510_DEL_chromosome7_319422_len_-339_TyRelated	7	319422	0.0001175274847475
907_DUP_chromosome3_269960_len_117	3	269960	0.0004613337705801
3559_DUP_chromosome9_300429_len_255	9	300429	0.0001586948258969
4684_INS_chromosome12_468943_len_8990	12	468943	0.0002504028714083
4684_INS_chromosome12_468943_len_8990	12	468943	0.000143030253716
3895_INS_chromosome10_354639_len_330_TyRelated	10	354639	0.0002935472735727
3139_DUP_chromosome8_212057_len_1931	8	212057	0.0001628189282147
3138_DUP_chromosome8_212057_len_1931	8	212057	0.0004447045880041
1119_DEL_chromosome4_383482_len_-425	4	383482	0.0001160297574324
3262_INS_chromosome8_525463_len_324	8	525463	0.0002715134537769
3150_CONTR_chromosome8_214253_len_1984	8	214253	0.0003565155346097
2065_DEL_chromosome5_487833_len_-333_TyRelated	5	487833	0.0006062835392892
3618_DEL_chromosome9_382842_len_-95	9	382842	0.0004754678473255
1757_DEL_chromosome5_14684_len_-317	5	14684	1.98204115003115e-05
531_DEL_chromosome2_429115_len_-389	2	429115	2.59689394930869e-05
6236_DEL_chromosome16_56788_len_-5929_TyRelated	16	56788	0.0003470801849094
1076_CONTR_chromosome4_137861_len_74	4	137861	0.0004124301631715
5212_INS_chromosome13_512864_len_125	13	512864	0.000366036577493
5954_INS_chromosome15_487424_len_338_TyRelated	15	487424	7.59420494849381e-05
5502_DEL_chromosome14_503833_len_-107	14	503833	0.0002140824592563
1757_DEL_chromosome5_14684_len_-317	5	14684	9.215883630304e-06
5424_INS_chromosome14_96609_len_83_TyRelated	14	96609	0.0004046703600161
1064_INS_chromosome4_83414_len_5957_TyRelated	4	83414	0.0002270018222539
3049_INS_chromosome8_133119_len_337_TyRelated	8	133119	0.0004330495645218
5724_DUP_chromosome15_29598_len_82	15	29598	0.0003830766288538
2247_INS_chromosome6_137912_len_65_TyRelated	6	137912	0.0001641953332426
3636_CONTR_chromosome9_390772_len_138	9	390772	0.0005892980609556
4935_INS_chromosome12_1052239_len_320	12	1052239	0.0006478254002053
4684_INS_chromosome12_468943_len_8990	12	468943	9.08729813739049e-05
6107_INS_chromosome15_976377_len_311_TyRelated	15	976377	0.0003383671216781
6099_DEL_chromosome15_970285_len_-5975_TyRelated	15	970285	0.0002173566342461
1968_DEL_chromosome5_431489_len_-334_TyRelated	5	431489	0.000376042824082
3571_INS_chromosome9_324398_len_6482_TyRelated	9	324398	0.0004778717289778
214_DUP_chromosome1_198466_len_204	1	198466	0.0010029791546307
1119_DEL_chromosome4_383482_len_-425	4	383482	0.0005086223833382
214_DUP_chromosome1_198466_len_204	1	198466	0.0001338262702294
3237_INS_chromosome8_475937_len_328_TyRelated	8	475937	0.0007425870804104
4935_INS_chromosome12_1052239_len_320	12	1052239	4.28908095730303e-05
5210_INS_chromosome13_504879_len_338_TyRelated	13	504879	3.07689297679254e-05
1561_DEL_chromosome4_1175315_len_-333	4	1175315	0.0006234635285178
1119_DEL_chromosome4_383482_len_-425	4	383482	0.000282057649582
5556_INV_chromosome14_574070_len_24090	14	574070	0.0005031994214108
3563_INS_chromosome9_300684_len_1557	9	300684	0.0001351061738568
2778_INS_chromosome7_779330_len_327_TyRelated	7	779330	0.0002203525216489
3636_CONTR_chromosome9_390772_len_138	9	390772	0.0003106695344686
5724_DUP_chromosome15_29598_len_82	15	29598	0.0003038752798127
1652_INS_chromosome4_1461841_len_329_TyRelated	4	1461841	0.0002135924839401
6546_DEL_chromosome16_927358_len_-171	16	927358	3.65910713394588e-05
1614_CONTR_chromosome4_1308046_len_509	4	1308046	0.0005075302865825
3836_DEL_chromosome10_197494_len_-6621_TyRelated	10	197494	0.0006274483941488
4539_DUP_chromosome12_103590_len_211	12	103590	0.0009714556666946
1542_DEL_chromosome4_1151368_len_-256	4	1151368	0.0009771919913895
3266_DEL_chromosome8_525522_len_-13836	8	525522	0.0005235834975444
4055_DEL_chromosome10_543605_len_-95	10	543605	0.0003820042465314
3453_DEL_chromosome9_30406_len_-229	9	30406	0.000311431907179
779_INS_chromosome3_90843_len_338_TyRelated	3	90843	0.000250201056257
3949_DUP_chromosome10_400129_len_199	10	400129	0.0001622999870881
794_DEL_chromosome3_124133_len_-333	3	124133	0.0005246805795039
1827_DEL_chromosome5_135608_len_-332_TyRelated	5	135608	0.0004986148232219
2778_INS_chromosome7_779330_len_327_TyRelated	7	779330	0.0004268372965019
1561_DEL_chromosome4_1175315_len_-333	4	1175315	0.0002224851301128
3085_DEL_chromosome8_193546_len_-532	8	193546	0.0003287750712461
58_DEL_chromosome1_25003_len_-1336	1	25003	0.0002111146650908
3071_DEL_chromosome8_146330_len_-342_TyRelated	8	146330	0.0006102974694481
4417_DEL_chromosome11_647337_len_-654	11	647337	0.0002773054597073
5724_DUP_chromosome15_29598_len_82	15	29598	0.0004643956011374
1757_DEL_chromosome5_14684_len_-317	5	14684	3.5384023063928e-05
3266_DEL_chromosome8_525522_len_-13836	8	525522	0.0002024597896663
1392_DEL_chromosome4_802920_len_-2935_TyRelated	4	802920	0.0003132180360907
909_DUP_chromosome3_269960_len_117	3	269960	0.0001095845639642
4684_INS_chromosome12_468943_len_8990	12	468943	0.0001343453667032
5040_DEL_chromosome13_168348_len_-334_TyRelated	13	168348	0.0006171153935721
