SNP	CHR	BP	P
rsYJR154W	10	725784	0.0002088696373324
rsYAL068W-A	1	538	0.0003890500462747
rsYAL069W	1	335	0.0003890500462747
rsYPR204C-A	16	946856	0.0004851220700346
rsYOR390W	15	1076784	2.27228957906629e-05
rsYOR389W	15	1074213	3.24905128382608e-05
rsYOR388C	15	1071793	0.0001402682674653
rsYEL073C	5	7230	0.0001609489868262
rsYLL067W-A	12	843	0.0001261411587125
rsYIR020C	9	394255	0.0002749556168003
rsYML133W-B	13	827	0.0010364766467913
rsYPR204C-A	16	946856	3.147261939616e-06
rsYGL259W	7	8470	0.0001403620301343
rsYGL260W	7	6860	0.0003964266433353
rsYHR218W-A	8	559932	9.64543459897049e-05
rsYHR219W	8	560173	0.0001040337338777
rsYHR219C-A	8	561199	0.0001040337338777
rsYBR297W	2	800523	0.000257825460299
rsYHR218W	8	558014	0.0002614370853006
rsYJR150C	10	708811	0.0001221093696135
rsYCR097W	3	293835	4.91111169632501e-05
rsYCR096C	3	293179	7.71218864442779e-05
rsYCR097W-A	3	294439	0.0001643932020535
rsYIR019C	9	389572	0.0002013936031633
rsYGL258W-A	7	9162	0.0003897734989101
rsYNR070W	14	765375	0.0002825928760128
rsYNR068C	14	760067	0.0002827802285938
rsYNR069C	14	761123	0.0002827802285938
rsYEL077W-A	5	630	0.0004892288993842
rsYPL283W-B	16	643	0.0002222991930456
rsYOR390W	15	1076784	2.57093854679441e-06
rsYOR392W	15	1079282	4.74281703380371e-06
rsYOR391C	15	1078545	5.35888963931019e-06
rsYOR394W	15	1082718	1.2723761898056e-05
rsYOR393W	15	1080276	6.95878590629198e-05
rsYOR389W	15	1074213	0.000139150898117
rsYOR394C-A	15	1084202	0.0001684298731988
rsYOR396W	15	1085473	0.0005226530267206
rsYOR388C	15	1071793	0.0006972086699144
rsYER133W	5	432495	0.0007994242358867
rsYPR204W	16	944603	0.0003347424521106
rsYPR203W	16	943880	0.0008959044131019
rsYBR297W	2	800523	0.0004251055964175
rsYCL067C	3	12386	0.0001722415692114
rsYPR202W	16	943032	0.0002766049678277
rsYCR105W	3	309070	0.0001835178953542
rsYCR106W	3	310958	0.0001835178953542
rsYHR218W	8	558014	0.0003040146367314
rsYHR219W	8	560173	0.0004896761522975
rsYHR219C-A	8	561199	0.0004896761522975
rsYPR204W	16	944603	0.0003392106799246
rsYGL263W	7	2790	0.0002161034282425
rsYMR325W	13	922641	0.0005565778025805
rsYBL107C	2	9961	0.0003814928326161
rsYGL262W	7	5312	0.000139102022459
rsYGL261C	7	6290	0.000352077740637
rsYGL260W	7	6860	0.0005116907376989
rsYPR204W	16	944603	0.0005473463379536
rsYHR052W	8	210848	0.0001309646828149
rsYJR154W	10	725784	9.87317128511584e-05
rsYBR299W	2	805351	7.9304075599379e-05
rsYBR298C-A	2	805035	7.930407559938e-05
rsYBR298C	2	802631	9.30815377743026e-05
rsYBR300C	2	808600	0.0003495337627683
rsYBR301W	2	809057	0.0003495337627683
rsYJL225C	10	466	0.0001227819830129
rsYHR219C-A	8	561199	0.0001099597670293
rsYHR219W	8	560173	0.0001099597670293
rsYHR218W-A	8	559932	0.000408141264646
rsYCR105W	3	309070	5.11982681823694e-05
rsYCR106W	3	310958	5.11982681823694e-05
rsYJL215C	10	26412	0.0001895509645568
rsYJL214W	10	26887	0.0002490373957574
rsYJL225W-A	10	829	0.000317709174505
rsYJL214W	10	26887	0.000325985911471
rsYLL021W	12	100947	0.0003648138863338
rsYJL215C	10	26412	0.0005898088086227
rsYKR102W	11	646356	4.26593538538542e-05
rsYBR298C	2	802631	0.0001470906756812
rsYBR298C-A	2	805035	0.0006190650503067
rsYBR299W	2	805351	0.0006190650503067
rsYHR214C-E	8	551200	0.0001704518682715
rsYHR214C-D	8	550648	0.0001704518682715
rsYHR217C	8	556581	0.0002448772148603
rsYHR213W-B	8	540800	0.0003595073060297
rsYHR213W-A	8	540549	0.0003689841688307
rsYHR213W-B	8	540800	0.0002007833811886
rsYHR213W-A	8	540549	0.000632244855011
rsYMR325W	13	922641	7.92330086587816e-05
rsYCR105W	3	309070	0.000379407610476
rsYCR106W	3	310958	0.000379407610476
rsYCR107W	3	313890	0.000501589448841
rsYPR203W	16	943880	8.2669126427501e-05
rsYPR202W	16	943032	0.0001639959203357
rsYPR204W	16	944603	0.0003223848446962
rsYHR213W-A	8	540549	0.0002491370204288
rsYEL075W-A	5	4870	0.0001875043382326
rsYEL076C-A	5	4185	0.0001875043382326
rsYEL077C	5	264	0.0001875043382326
rsYEL076C	5	4464	0.0001875043382326
rsYJR154W	10	725784	0.0001922960277801
rsYPR203W	16	943880	7.71869433010398e-05
rsYPR204W	16	944603	0.0003680729999112
rsYPR204W	16	944603	6.35478642012836e-06
rsYPR203W	16	943880	1.12117901568061e-05
rsYPR204C-A	16	946856	0.0003973454268199
rsYIR020C	9	394255	0.0001258035894866
rsYBR298C-A	2	805035	0.0001638207729694
rsYBR299W	2	805351	0.0001638207729694
rsYHR052W	8	210848	0.0002052162110302
rsYBR302C	2	810340	0.0002320463054851
rsYBR298C	2	802631	0.0003651101706469
rsYEL073C	5	7230	0.000206876429197
rsYEL071W	5	16355	0.0003600550327924
rsYCR089W	3	267434	0.0006990913021001
rsYGL262W	7	5312	0.0005812651718279
rsYDR150W	4	755628	0.0001620198054727
rsYPR204W	16	944603	8.50402470269395e-06
rsYPR203W	16	943880	0.0001072203292028
rsYPR202W	16	943032	0.0001688523586521
rsYDR210W-A	4	872112	0.0002186106803133
rsYHR213W-A	8	540549	0.000292640628202
rsYHR213W-A	8	540549	0.0001496909857669
rsYHR213W-B	8	540800	0.0004846722314038
rsYDR170W-A	4	803195	9.72032740234165e-05
rsYAR029W	1	186321	0.0001930040082144
rsYAR030C	1	186512	0.0003092152763716
rsYHR218W	8	558014	0.0002299290001048
rsYHR218W-A	8	559932	0.0002713326555766
rsYEL073C	5	7230	8.04255238047293e-05
rsYPL281C	16	9557	0.0001382676413843
rsYDL039C	4	381985	0.0003497415070991
rsYEL073C	5	7230	7.64145819214107e-05
rsYHR213W-B	8	540800	3.26753493219109e-05
rsYHR214C-D	8	550648	0.0003384449568076
rsYHR214C-E	8	551200	0.0003384449568076
rsYHR219W	8	560173	0.0003789751107142
rsYHR219C-A	8	561199	0.0003789751107142
rsYHR218W-A	8	559932	0.0003902937380848
rsYHR214W	8	541651	0.000442452193924
rsYHR218W	8	558014	0.0009075522389481
rsYHR213W-A	8	540549	0.0011033974454127
rsYJR150C	10	708811	0.0004362498143328
rsYMR326C	13	923494	0.0007733400095029
rsYBR297W	2	800523	0.0001953822201851
rsYDL039C	4	381985	1.29368804816511e-05
rsYDL037C	4	384601	2.81940021318852e-05
rsYMR326C	13	923494	0.000131750761582
rsYBR298C	2	802631	7.69966467707727e-05
rsYBR299W	2	805351	0.0001182484315261
rsYBR298C-A	2	805035	0.0001182484315261
rsYBR300C	2	808600	0.0002557954233452
rsYBR301W	2	809057	0.0002557954233452
rsYCL076W	3	1392	0.0002816327583342
rsYCL068C	3	11503	0.0005027595978248
rsYCL067C	3	12386	0.0008236251669768
rsYBR297W	2	800523	0.0009719647249817
rsYPR035W	16	642208	0.0002590249915098
rsYEL077W-A	5	630	0.0001454668269142
rsYIR020C	9	394255	0.0004231523179915
rsYGL263W	7	2790	0.000988557477938
rsYLL019C	12	105686	5.07192343178285e-05
rsYLL020C	12	105556	5.07192343178285e-05
rsYLL021W	12	100947	9.78786200833196e-05
rsYHR213W-A	8	540549	0.0001027197566152
rsYIL083C	9	203556	0.0004505149832478
rsYEL077C	5	264	0.000491018824877
rsYEL075W-A	5	4870	0.000491018824877
rsYEL076C	5	4464	0.000491018824877
rsYEL076C-A	5	4185	0.000491018824877
rsYPR203W	16	943880	0.000299912051608
rsYLR410W	12	937541	0.0011278950247784
rsYHR218W-A	8	559932	0.0001398166384442
rsYHR218W	8	558014	0.0002059604662834
rsYOR389W	15	1074213	0.0002121225220402
rsYOR390W	15	1076784	0.0003068950099572
rsYOR388C	15	1071793	0.0003439366855134
rsYNL019C	14	598376	0.000337769494739
rsYDL039C	4	381985	0.0002102632158807
rsYNL018C	14	599936	0.0001340709633136
rsYNR072W	14	772657	0.0010280343343041
rsYOR388C	15	1071793	0.0005482526417344
rsYAL067W-A	1	2480	0.0001126691712275
rsYAL066W	1	10091	0.0007648188333734
rsYAL067C	1	7235	0.0007648188333734
rsYBR302C	2	810340	6.12130454481819e-07
rsYBR297W	2	800523	8.08421103100842e-06
rsYBR297W	2	800523	7.95716092002745e-05
rsYBR302C	2	810340	0.0001034345474492
rsYIR021W	9	397294	0.0001223716660738
rsYIR020W-A	9	394917	0.0001223716660738
rsYIR020C-B	9	397215	0.0001223716660738
rsYIR021W-A	9	398514	0.0001223716660738
rsYIR023W	9	399777	0.0001223716660738
rsYIR022W	9	398733	0.0001223716660738
rsYBR301W	2	809057	0.0001840050576532
rsYBR300C	2	808600	0.0001840050576532
rsYIR020C	9	394255	0.0005608357866468
rsYBL107C	2	9961	3.64637528656622e-05
rsYPR202W	16	943032	7.20561565588754e-05
rsYPR203W	16	943880	7.25271645988349e-05
rsYPR204W	16	944603	0.0004673789883467
rsYCR089W	3	267434	2.95358125351005e-05
rsYCR105W	3	309070	5.24267324615693e-05
rsYCR106W	3	310958	5.24267324615693e-05
rsYBL107C	2	9961	9.42963811765732e-05
rsYHR214W	8	541651	0.0001695946997891
rsYJL215C	10	26412	0.0005657344326581
rsYJL214W	10	26887	0.0007243461996475
rsYJL225W-A	10	829	0.00036449641934
rsYKR102W	11	646356	5.81601857210543e-05
rsYHR213W-A	8	540549	6.4985026380281e-05
rsYHR213W-B	8	540800	0.0005141746975523
rsYMR325W	13	922641	9.65292188879537e-05
rsYMR326C	13	923494	0.0003111943978004
rsYML133C	13	461	0.0003727707694737
rsYBR302C	2	810340	0.0005860857151883
rsYBL107C	2	9961	0.0001105874997173
rsYOR396W	15	1085473	0.0001214191812637
rsYOR394C-A	15	1084202	0.0004640191096001
rsYMR325W	13	922641	0.0002827334421757
rsYJL225W-A	10	829	0.0003317075109536
rsYIL177W-A	9	846	0.0003919812892461
rsYGL036W	7	428601	0.0006442466523034
rsYIL177W-A	9	846	0.0003644748743368
rsYBR302C	2	810340	0.000700874409376
rsYNL338W	14	6561	0.0004081552219219
rsYCR096C	3	293179	0.0002812960369498
rsYCR097W	3	293835	0.0004058941729282
rsYCR097W-A	3	294439	0.0004613297054937
rsYHR052W	8	210848	0.00046485779066
rsYLR410W	12	937541	0.00050795488674
rsYOR396W	15	1085473	0.0006559814642905
rsYIR022W	9	398733	0.0002557713596084
rsYIR023W	9	399777	0.0002557713596084
rsYIR020W-A	9	394917	0.0002557713596084
rsYIR021W-A	9	398514	0.0002557713596084
rsYIR020C-B	9	397215	0.0002557713596084
rsYIR021W	9	397294	0.0002557713596084
rsYGR137W	7	762888	0.0004947832730484
rsYMR325W	13	922641	0.0009731577621664
rsYPL282C	16	7933	0.0004907996492746
rsYNL333W	14	13267	8.36920877666211e-05
rsYBL107C	2	9961	3.0375673367781e-05
rsYAR030C	1	186512	0.0003864194089126
rsYAR029W	1	186321	0.0008721035534634
rsYNL019C	14	598376	0.0001448634633247
rsYCR096C	3	293179	0.0003621493991689
rsYCR097W	3	293835	0.0003800155903808
rsYCR097W-A	3	294439	0.0006365571179125
rsYCR104W	3	307801	7.30860834847117e-05
rsYJL214W	10	26887	1.89882380502331e-05
rsYJL215C	10	26412	3.18193719925622e-05
rsYLL021W	12	100947	0.0002831930951722
rsYHR218W	8	558014	0.0002421658908538
rsYMR325W	13	922641	0.0002460787097761
rsYHR147C	8	392639	0.000244654956832
rsYGL263W	7	2790	1.79864146126693e-06
rsYGL262W	7	5312	4.32174005578277e-05
rsYGL262W	7	5312	0.0007824544363824
rsYOR389W	15	1074213	0.0008447986554543
rsYOR388C	15	1071793	0.0008652415329402
rsYOR390W	15	1076784	0.0009155566021502
rsYGL263W	7	2790	0.0009200352148457
rsYIL177W-A	9	846	9.13956258127904e-05
rsYJL225C	10	466	0.0004578196765181
rsYJL225W-A	10	829	0.0004839217386571
rsYHR052W	8	210848	0.0003431633543765
rsYBR302C	2	810340	2.62104918044834e-05
rsYBR298C	2	802631	0.0001174863938784
rsYBR301W	2	809057	0.0002886772187021
rsYBR300C	2	808600	0.0002886772187021
rsYAR029W	1	186321	0.0004466493344893
rsYNR066C	14	753725	0.0004263147028406
rsYCR106W	3	310958	9.91040134452058e-06
rsYCR105W	3	309070	9.91040134452058e-06
rsYHR218W	8	558014	3.82394184057554e-05
rsYHR218W-A	8	559932	3.96837483704776e-05
rsYHR219C-A	8	561199	4.40855579807147e-05
rsYHR219W	8	560173	4.40855579807147e-05
rsYHR214C-E	8	551200	0.0001938278578962
rsYHR214C-D	8	550648	0.0001938278578962
rsYNL339C	14	371	0.0005628907381627
rsYBR297W	2	800523	2.91918005953331e-05
rsYBR302C	2	810340	0.0001892080641943
rsYPL282C	16	7933	2.23918810092959e-05
rsYPL281C	16	9557	2.58343831974555e-05
rsYPL282C	16	7933	0.000247222265282
rsYBR298C-A	2	805035	0.0005099743696798
rsYBR299W	2	805351	0.0005099743696798
rsYBR298C	2	802631	0.0005410436173605
rsYOR389W	15	1074213	8.59737883324073e-05
rsYPR203W	16	943880	0.0001857792256917
rsYPR202W	16	943032	0.0001887351155951
rsYOR389W	15	1074213	0.0001248247447521
rsYNR074C	14	777602	2.72894777029358e-05
rsYNR075W	14	779916	5.90726654524144e-05
rsYEL075W-A	5	4870	0.0003648570165748
rsYEL076C-A	5	4185	0.0003648570165748
rsYEL076C	5	4464	0.0003648570165748
rsYEL077C	5	264	0.0003648570165748
rsYOR389W	15	1074213	4.12614008838138e-09
rsYOR390W	15	1076784	3.00945420641164e-08
rsYOR388C	15	1071793	1.74889161645659e-06
rsYMR326C	13	923494	0.0001683270496051
rsYNL332W	14	14832	1.45820120811782e-05
rsYNL331C	14	16118	4.58834301559992e-05
rsYNL336W	14	8330	0.0002596659482164
rsYNL339C	14	371	0.0002278822047164
rsYPR204C-A	16	946856	0.00059469050171
rsYGL035C	7	431548	0.0004050598822942
rsYPR202W	16	943032	0.0001741391599814
rsYOR390W	15	1076784	0.000452725732706
rsYBL113C	2	280	0.0006854212495332
rsYBL112C	2	2582	0.0006854212495332
rsYDL037C	4	384601	0.0001574666418423
rsYPR203W	16	943880	0.0002350925215001
rsYPR194C	16	924304	8.67352827440887e-05
rsYIL177C	9	483	9.01458411353882e-05
rsYJR161C	10	742848	2.2096084685289e-05
rsYPR204W	16	944603	3.17547021308763e-05
rsYPR203W	16	943880	7.15156059636074e-05
rsYPR204C-A	16	946856	0.0008777547922998
rsYJL214W	10	26887	1.45086105384036e-05
rsYJL215C	10	26412	4.0908950290883e-05
rsYJR150C	10	708811	0.0001985395132979
rsYPR204C-A	16	946856	0.0002678106916501
rsYPR204W	16	944603	0.0005322610388008
rsYCR107W	3	313890	0.0001252902265354
rsYCR106W	3	310958	0.0002132261140862
rsYCR105W	3	309070	0.0002132261140862
rsYML132W	13	7244	0.0001772876489004
rsYHR213W-A	8	540549	0.0002523154628138
rsYOR389W	15	1074213	9.16531888941395e-06
rsYHR052W	8	210848	8.11151321338921e-05
rsYMR325W	13	922641	0.0007352492111831
rsYIL177W-A	9	846	0.0003313461987858
rsYEL073C	5	7230	0.000901666127545
rsYMR325W	13	922641	0.0001721822484235
rsYOR389W	15	1074213	0.0001740429991003
rsYOR394W	15	1082718	0.0001788038000491
rsYMR326C	13	923494	0.0001887130128193
rsYOR390W	15	1076784	0.0001965477710487
rsYOR393W	15	1080276	0.0002787909198479
rsYOR392W	15	1079282	0.0006706273775096
rsYOR391C	15	1078545	0.0008505575519933
rsYJR154W	10	725784	0.0003169048125173
rsYIL177C	9	483	0.0003689638115344
rsYLL021W	12	100947	0.0001129943005647
rsYJR150C	10	708811	6.37332550542464e-05
rsYBR302C	2	810340	0.0002827902674078
rsYOR392W	15	1079282	2.65177452372545e-05
rsYOR391C	15	1078545	4.53196760113817e-05
rsYDL243C	4	17577	0.000516834670306
rsYDL037C	4	384601	0.0001026071853903
rsYDL039C	4	381985	0.0003100039880387
rsYMR326C	13	923494	0.0006700802173659
rsYKL222C	11	3503	0.0007789620080257
rsYAR035W	1	190193	0.0004103836565504
rsYOR388C	15	1071793	0.0003819584827976
rsYCR089W	3	267434	0.0005730647434589
rsYMR326C	13	923494	0.0001658140971139
rsYOR392W	15	1079282	0.0003642506480998
rsYOR394W	15	1082718	0.0004495558425103
rsYOR391C	15	1078545	0.0005043630407098
rsYOR389W	15	1074213	0.0008784107704685
rsYMR325W	13	922641	0.000931396838978
rsYOR393W	15	1080276	0.0009950510892565
rsYDL039C	4	381985	0.0010259063363912
rsYHR052W	8	210848	0.0002655818372782
rsYIR020C	9	394255	8.22359360219797e-07
rsYIR022W	9	398733	0.0003362906315959
rsYIR021W-A	9	398514	0.0003362906315959
rsYIR020W-A	9	394917	0.0003362906315959
rsYIR023W	9	399777	0.0003362906315959
rsYIR020C-B	9	397215	0.0003362906315959
rsYIR021W	9	397294	0.0003362906315959
rsYGR138C	7	763762	0.0003812842423474
rsYPL281C	16	9557	0.0002553724867496
rsYJL214W	10	26887	0.0002067940009947
rsYJL215C	10	26412	0.0005703365462254
rsYNR070W	14	765375	6.88595061972264e-05
rsYNR068C	14	760067	7.69982137567585e-05
rsYNR069C	14	761123	7.69982137567585e-05
rsYNR071C	14	770440	0.0001121071808223
rsYHR213W-A	8	540549	4.4566524375466e-05
rsYHR052W	8	210848	0.0006501173482699
rsYAL068C	1	1807	3.27093150391354e-05
rsYJR154W	10	725784	0.0004838041850966
rsYPR196W	16	931376	0.0004847471305332
rsYNR070W	14	765375	0.0002271539872555
rsYJR154W	10	725784	3.66840219462269e-06
rsYLL021W	12	100947	7.64777946873858e-05
rsYPL277C	16	15405	5.93419789080545e-05
rsYPL281C	16	9557	7.20884636392301e-05
rsYPL282C	16	7933	0.0002889748574448
rsYPL279C	16	13228	0.0003668310835753
rsYMR172C-A	13	607828	0.0005504534798608
rsYHR218W	8	558014	0.0001381557947245
rsYHR218W-A	8	559932	0.0001666616382711
rsYKL148C	11	169207	8.73463242529801e-05
rsYKL149C	11	167612	8.73463242529801e-05
rsYCR107W	3	313890	0.0006824203772949
rsYCR038C	3	197621	0.0006679757496797
rsYCR039C	3	199546	0.0007771714983247
rsYCR038W-A	3	199293	0.0007771714983247
rsYOR388C	15	1071793	0.0007751556783393
rsYIR021W-A	9	398514	0.0004967230022083
rsYIR022W	9	398733	0.0004967230022083
rsYIR020C-B	9	397215	0.0004967230022083
rsYIR023W	9	399777	0.0004967230022083
rsYIR021W	9	397294	0.0004967230022083
rsYIR020W-A	9	394917	0.0004967230022083
rsYHR218W	8	558014	0.0004488658216307
rsYHR219C-A	8	561199	0.0004864998419492
rsYHR219W	8	560173	0.0004864998419492
rsYHR218W-A	8	559932	0.0005124427984611
rsYMR326C	13	923494	0.0001280788511915
rsYMR325W	13	922641	0.0001346631383041
rsYBL107C	2	9961	0.0004517466668393
rsYOR391C	15	1078545	0.0005240512314024
rsYNL017C	14	602138	0.0009708727175535
rsYAL069W	1	335	5.92154387340598e-05
rsYAL068W-A	1	538	5.92154387340598e-05
rsYJR150C	10	708811	0.0001848994667288
rsYNL019C	14	598376	4.6216484275319e-05
rsYGL262W	7	5312	0.0001982898307941
rsYGR138C	7	763762	0.000174940215632
rsYNR070W	14	765375	0.0004965921146061
rsYBR302C	2	810340	3.60339549289553e-05
rsYBR297W	2	800523	4.5862741646003e-05
rsYBR300C	2	808600	7.09730779757974e-05
rsYBR301W	2	809057	7.09730779757974e-05
rsYBR299W	2	805351	0.0001893484226354
rsYBR298C-A	2	805035	0.0001893484226354
rsYBR298C	2	802631	0.0002192052998505
rsYHR218W-A	8	559932	0.0002167997523192
rsYHR215W	8	552099	3.18325694758126e-05
rsYHR216W	8	554396	0.0001001125502009
rsYOR394C-A	15	1084202	3.42179500227048e-05
rsYOR396W	15	1085473	6.95832302800413e-05
rsYOR392W	15	1079282	0.000156674245252
rsYOR391C	15	1078545	0.0003370739208472
rsYOR394W	15	1082718	0.0006141966705364
rsYAL068C	1	1807	0.0001865623556379
rsYIL177W-A	9	846	1.28725214034596e-05
rsYNL017C	14	602138	7.39845704075384e-05
rsYJR150C	10	708811	0.0002396221300155
rsYPL283W-A	16	1426	2.69829385761316e-05
rsYPL283W-B	16	643	9.410861409154e-05
rsYMR172C-A	13	607828	0.0002010131765317
rsYCR089W	3	267434	0.000641303183697
rsYEL077W-A	5	630	0.000661206279156
rsYMR149W	13	560996	0.0004155569001419
rsYMR150C	13	561956	0.0004155569001419
rsYMR151W	13	562506	0.0004155569001419
rsYDR037W	4	525440	0.0002221511397765
rsYJR162C	10	744911	0.0006177035983291
rsYDR545C-A	4	1530863	0.0007454992511757
rsYHR218W-A	8	559932	0.0003215267777112
rsYHR218W	8	558014	0.0006064982616518
rsYHR213W-B	8	540800	0.0008985986654941
rsYHR219W	8	560173	0.0010974950369743
rsYHR219C-A	8	561199	0.0010974950369743
rsYCR097W-A	3	294439	0.0002972402058274
rsYCR096C	3	293179	0.0003118169229487
rsYCR097W	3	293835	0.000388454824935
rsYIL177C	9	483	8.02850652918464e-05
rsYCR104W	3	307801	0.0001634539491425
rsYHR052W	8	210848	0.0002034448802484
rsYJR154W	10	725784	0.000614122689607
rsYMR326C	13	923494	0.0006818021241653
rsYDR210W-A	4	872112	6.3101999527465e-07
rsYOR389W	15	1074213	9.9640893777289e-05
rsYGL262W	7	5312	0.0002354502220257
rsYJL225C	10	466	0.0002648602562088
rsYJL225W-A	10	829	0.0003077895861921
rsYDR037W	4	525440	0.0001415689375198
rsYOR391C	15	1078545	0.0007199537077762
rsYNL337W	14	7165	0.0001800397665156
rsYNL018C	14	599936	0.0002056683992589
rsYNL338W	14	6561	0.0003528773546773
rsYEL072W	5	13720	0.0004512597227269
rsYEL073C	5	7230	0.0006191399540639
rsYLL020C	12	105556	0.0001392430887426
rsYLL019C	12	105686	0.0001392430887426
rsYPR204C-A	16	946856	0.0001628059021658
rsYHR218W-A	8	559932	4.17660458834548e-05
rsYHR218W	8	558014	5.28242206992779e-05
rsYHR219C-A	8	561199	0.0004482871354133
rsYHR219W	8	560173	0.0004482871354133
rsYKR013W	11	463959	0.0005809566147751
rsYKR014C	11	465367	0.0005809566147751
rsYPR204W	16	944603	0.0004264856299366
rsYPR203W	16	943880	0.0004800616894678
rsYOR394C-A	15	1084202	2.83370301921093e-05
rsYOR391C	15	1078545	6.64772559619011e-05
rsYOR392W	15	1079282	7.11731125103692e-05
rsYOR396W	15	1085473	0.0001367605328552
rsYOR394W	15	1082718	0.0001666908042317
rsYPL274W	16	22938	0.00041400751019
rsYPL273W	16	25087	0.00041400751019
rsYIR020C	9	394255	0.0002557082632432
rsYHR219C-A	8	561199	0.0001042887817007
rsYHR219W	8	560173	0.0001042887817007
rsYIR020C	9	394255	0.0002789490390358
rsYDR037W	4	525440	8.36029014640097e-05
rsYOR390W	15	1076784	0.0002480142472216
rsYOR388C	15	1071793	0.0003785605244928
rsYEL072W	5	13720	0.000403437492359
rsYIR019C	9	389572	7.51850198848117e-05
rsYJR154W	10	725784	0.0002283903789246
rsYIL161W	9	39433	0.0003229555477651
rsYHR219W	8	560173	0.0001619492524792
rsYHR219C-A	8	561199	0.0001619492524792
rsYHR218W-A	8	559932	0.0002257436495756
rsYHR218W	8	558014	0.0003956196604608
rsYMR150C	13	561956	0.0001519957065715
rsYMR151W	13	562506	0.0001519957065715
rsYMR149W	13	560996	0.0001519957065715
rsYPR204W	16	944603	0.0001890267886665
rsYPR203W	16	943880	0.0003348222646294
rsYJR154W	10	725784	0.0001571342201544
rsYHR217C	8	556581	0.0003870340964362
rsYJR150C	10	708811	0.0003309852887444
rsYHR052W	8	210848	8.58540952583176e-05
rsYJR150C	10	708811	0.0004029005595753
rsYLL067W-A	12	843	0.0005542416136228
rsYIL177C	9	483	4.79717091727776e-05
rsYOR389W	15	1074213	0.0001770107725278
rsYGR138C	7	763762	0.000151987671051
rsYOL159C-A	15	15233	0.0004533061233998
rsYOL160W	15	14313	0.0006019482060252
rsYDR170W-A	4	803195	0.0001564053828569
rsYHR213W-A	8	540549	0.0009450913442196
rsYJL225W-A	10	829	0.0004261222233864
rsYDR210W-A	4	872112	0.000483668860527
rsYOL160W	15	14313	0.0004012059583314
rsYOR389W	15	1074213	1.82512250288158e-05
rsYOR390W	15	1076784	0.0001209546523456
rsYNL019C	14	598376	0.0002937865612937
rsYIL177W-A	9	846	0.0001621324180729
rsYHR213W-A	8	540549	0.0005760147345453
rsYBR297W	2	800523	0.0003968993265477
rsYOR392W	15	1079282	0.0003604524138515
rsYBR302C	2	810340	0.0001054560239312
rsYCR108C	3	315997	4.90989779796681e-05
rsYOL159C-A	15	15233	0.0006794184385189
rsYHR213W-A	8	540549	0.0005422273264262
rsYDR037W	4	525440	0.000269409808242
rsYDR170W-A	4	803195	4.22168992000958e-05
rsYJR162C	10	744911	0.000189608419491
rsYOR388C	15	1071793	8.41209885770005e-05
rsYOR390W	15	1076784	0.0001767251288873
rsYIR020C-B	9	397215	0.0002061153909707
rsYIR023W	9	399777	0.0002061153909707
rsYIR021W	9	397294	0.0002061153909707
rsYIR021W-A	9	398514	0.0002061153909707
rsYIR020W-A	9	394917	0.0002061153909707
rsYIR022W	9	398733	0.0002061153909707
rsYOR394C-A	15	1084202	0.0002795814193717
rsYIR020C	9	394255	0.0003021556927212
rsYOR394W	15	1082718	0.0004610991247449
rsYPR204C-A	16	946856	0.0003742293741633
rsYBR297W	2	800523	0.000415370468062
rsYOR390W	15	1076784	0.0003382295705661
rsYOR392W	15	1079282	0.0005368041275663
rsYJR154W	10	725784	0.0003073114736869
rsYNR067C	14	755746	0.000177003557382
rsYDR037W	4	525440	0.0005205533657208
rsYHR218W-A	8	559932	6.22884388166328e-05
rsYHR218W	8	558014	7.71643506986841e-05
rsYHR219W	8	560173	0.0001330637899164
rsYHR219C-A	8	561199	0.0001330637899164
rsYNR070W	14	765375	0.0004722807062073
rsYCR089W	3	267434	6.40298469607823e-06
rsYMR325W	13	922641	4.30126423948746e-05
rsYDL039C	4	381985	0.0003345668046175
rsYNL017C	14	602138	6.64583770746445e-05
rsYHR218W	8	558014	0.0005979595157545
rsYIL163C	9	36899	0.0005017890545759
rsYIL162W	9	37385	0.0005017890545759
rsYDR210W-A	4	872112	0.0007430307254035
rsYOR394C-A	15	1084202	0.0002746589226731
rsYOR393W	15	1080276	0.0002749237450714
rsYOR394W	15	1082718	0.0002778732528705
rsYOR396W	15	1085473	0.0003575532466532
rsYIL161W	9	39433	0.0002097329911865
rsYIL163C	9	36899	0.0006006267873994
rsYIL162W	9	37385	0.0006006267873994
rsYCR101C	3	302482	0.0002092223595454
rsYOR391C	15	1078545	0.0001573043194374
rsYOR394W	15	1082718	0.0002070598943366
rsYOR392W	15	1079282	0.0002927371308525
rsYOR394C-A	15	1084202	0.0003923280519084
rsYOR389W	15	1074213	0.0004049831493537
rsYOR393W	15	1080276	0.0005632531742822
rsYHR214C-E	8	551200	5.85451777225197e-05
rsYHR214C-D	8	550648	5.85451777225197e-05
rsYHR219C-A	8	561199	0.0002358495963011
rsYHR219W	8	560173	0.0002358495963011
rsYHR213W-B	8	540800	0.0002438715189707
rsYHR217C	8	556581	0.0003397252229882
rsYOL159C-A	15	15233	0.0005620140736221
rsYOL160W	15	14313	0.0005739492724019
rsYNL331C	14	16118	0.0001160170332602
rsYPR196W	16	931376	0.0006692588343855
rsYCR106W	3	310958	0.0001484595879104
rsYCR105W	3	309070	0.0001484595879104
rsYOR390W	15	1076784	6.1605584571706e-06
rsYOR389W	15	1074213	1.83199890598179e-05
rsYOR388C	15	1071793	7.02847903919206e-05
rsYLL020C	12	105556	0.0003408887000305
rsYLL019C	12	105686	0.0003408887000305
rsYHR052W	8	210848	0.0003513583632624
rsYER133W	5	432495	0.0001708191751604
rsYAL068C	1	1807	0.0002192879793245
rsYGR137W	7	762888	5.42667062225147e-05
rsYMR325W	13	922641	0.0003168550756377
rsYOR392W	15	1079282	9.99650157971108e-05
rsYOR391C	15	1078545	0.0001168012623664
rsYMR325W	13	922641	0.0002951175886194
rsYPR203W	16	943880	0.0003445119900428
rsYMR326C	13	923494	0.0004272477270284
rsYPR204W	16	944603	0.0003924187820116
rsYPR204C-A	16	946856	0.0004293718675374
rsYPR203W	16	943880	0.0005396159274355
rsYJL225W-A	10	829	8.60145291184212e-05
rsYCR096C	3	293179	0.0003778129860687
rsYOR389W	15	1074213	0.0002546775005126
rsYCR108C	3	315997	0.0009485770262012
rsYEL071W	5	16355	0.0003266941763951
rsYIL177C	9	483	4.08962864085694e-05
rsYOR392W	15	1079282	0.0006695653945692
rsYJR162C	10	744911	0.0001853854488772
rsYIL177W-A	9	846	0.000338494920333
rsYLR410W	12	937541	0.0001529195043101
rsYJR150C	10	708811	2.32485668968062e-06
rsYJL225C	10	466	4.60489815054144e-05
rsYKR013W	11	463959	0.0002970968747212
rsYKR014C	11	465367	0.0002970968747212
rsYIL177C	9	483	0.0004031672250835
rsYLR410W	12	937541	0.0001059799002444
rsYCR097W	3	293835	0.0003331442415054
rsYAR035W	1	190193	0.000136013092879
rsYJR154W	10	725784	0.0005976412519082
rsYJR162C	10	744911	2.87737603111974e-05
rsYDR032C	4	504099	0.0002221512382402
rsYHR218W-A	8	559932	0.0001924836036615
rsYHR219C-A	8	561199	0.000339639473599
rsYHR219W	8	560173	0.000339639473599
rsYHR218W	8	558014	0.000345876359131
rsYIR020C	9	394255	9.13464244543138e-06
rsYMR325W	13	922641	3.86294727852434e-05
rsYEL071W	5	16355	3.2099181680633e-05
rsYEL072W	5	13720	0.000703900473782
rsYJR150C	10	708811	0.0004233356815784
rsYPL274W	16	22938	0.0001522089626799
rsYPL273W	16	25087	0.0001522089626799
rsYJR150C	10	708811	0.0001981454295514
rsYNL017C	14	602138	0.000285008504436
rsYJL215C	10	26412	0.0001065326391551
rsYJL214W	10	26887	0.0001207644579895
rsYHR213W-B	8	540800	0.0001899723185866
rsYIL162W	9	37385	0.0003915949299786
rsYIL163C	9	36899	0.0003915949299786
rsYDR210W-A	4	872112	0.0004392403416923
rsYIL161W	9	39433	0.0005434232518765
rsYEL007W	5	141892	0.000486084222274
rsYDL037C	4	384601	0.0002809809701948
rsYCL069W	3	9706	0.00017007587485
rsYOR394W	15	1082718	0.0002741450084756
rsYOR393W	15	1080276	0.0002844641464512
rsYNR072W	14	772657	0.0001943104151086
rsYJR154W	10	725784	0.00026224294274
rsYJL215C	10	26412	0.0001386752239845
rsYJL214W	10	26887	0.0001565510979136
rsYIR022W	9	398733	0.0004637160162117
rsYIR023W	9	399777	0.0004637160162117
rsYIR020C-B	9	397215	0.0004637160162117
rsYIR021W-A	9	398514	0.0004637160162117
rsYIR021W	9	397294	0.0004637160162117
rsYIR020W-A	9	394917	0.0004637160162117
rsYIR020C	9	394255	0.0006977675153266
rsYJR154W	10	725784	0.0002149782049021
rsYKR102W	11	646356	0.0003091065630247
rsYDR012W	4	471853	0.0001809769915694
rsYJR150C	10	708811	0.0001983201439499
rsYIR020C	9	394255	0.000584650783346
rsYPL274W	16	22938	0.0001986955656253
rsYPL273W	16	25087	0.0001986955656253
rsYDR037W	4	525440	0.0004039410208416
rsYKR102W	11	646356	0.0001940020016038
rsYPR204W	16	944603	8.2987530619407e-05
rsYPR203W	16	943880	8.42528168752181e-05
rsYMR172C-A	13	607828	0.0001460812993734
rsYAL068C	1	1807	0.0006066830212669
rsYGL262W	7	5312	0.0001245944349854
rsYGL261C	7	6290	0.0003908871667903
rsYJR154W	10	725784	5.34581519650294e-05
rsYIL162W	9	37385	0.0004296415888453
rsYIL163C	9	36899	0.0004296415888453
rsYPR194C	16	924304	0.0001282874436237
rsYOR391C	15	1078545	8.00080912071797e-05
rsYOR392W	15	1079282	8.61146026758587e-05
rsYOR394W	15	1082718	0.0001372366636074
rsYOR389W	15	1074213	0.0001528221010569
rsYOR388C	15	1071793	0.0001999727453132
rsYOR390W	15	1076784	0.0003296991265562
rsYJL215C	10	26412	2.71391170574846e-07
rsYJL214W	10	26887	7.38436532541065e-07
rsYOR392W	15	1079282	1.34603120733997e-05
rsYOR391C	15	1078545	2.22144496819206e-05
rsYOR394W	15	1082718	4.52499661121196e-05
rsYOR394C-A	15	1084202	8.93994082500489e-05
rsYOR390W	15	1076784	0.0001258437564152
rsYOR393W	15	1080276	0.0003020771890191
rsYBR302C	2	810340	5.93506187931045e-08
rsYBR297W	2	800523	8.82261154620035e-05
rsYBR301W	2	809057	0.0001041876611536
rsYBR300C	2	808600	0.0001041876611536
rsYOL159C-A	15	15233	0.0003152020855521
rsYOL160W	15	14313	0.0003469305663297
rsYJR150C	10	708811	0.0001796568775028
rsYMR325W	13	922641	0.000110916031939
rsYHR219C-A	8	561199	0.0009734537978414
rsYHR219W	8	560173	0.0009734537978414
rsYHR214C-D	8	550648	0.0010263852595152
rsYHR214C-E	8	551200	0.0010263852595152
rsYHR219C-A	8	561199	0.0002012497988136
rsYHR219W	8	560173	0.0002012497988136
rsYHR218W-A	8	559932	0.0002835090157464
rsYHR218W	8	558014	0.0002913599243615
rsYDR210W-A	4	872112	2.61584665486092e-05
rsYPR196W	16	931376	0.0001467899836709
rsYBR297W	2	800523	0.0003804649568605
rsYJR154W	10	725784	0.0004591952199408
rsYMR325W	13	922641	3.85454961649035e-06
rsYMR326C	13	923494	0.0002037719422507
rsYIR020C	9	394255	0.0002356620840516
rsYPR204W	16	944603	0.0007303141697375
rsYPR203W	16	943880	0.0002022146773824
rsYDR170W-A	4	803195	0.0001783058830923
rsYAL068C	1	1807	0.0004040316505109
rsYOR391C	15	1078545	6.07297386225919e-05
rsYOR392W	15	1079282	6.58763380089152e-05
rsYOR389W	15	1074213	0.0001638126390489
rsYOR390W	15	1076784	0.0003873262133287
rsYJL215C	10	26412	0.0004147715724282
rsYJL214W	10	26887	0.0005720350359951
rsYLL067W-A	12	843	0.0001958833344866
rsYIL177C	9	483	7.66552455492921e-06
rsYDL244W	4	16204	6.48882901219039e-05
rsYNR067C	14	755746	0.0010103342868944
rsYMR325W	13	922641	0.0003210531960357
rsYMR326C	13	923494	0.0004654846889651
rsYHR218W	8	558014	0.0001758898365599
rsYHR218W-A	8	559932	0.0003885166211053
rsYHR219C-A	8	561199	0.0007783095892586
rsYHR219W	8	560173	0.0007783095892586
rsYJL214W	10	26887	6.83348476436005e-05
rsYJL215C	10	26412	0.0001130580744751
rsYJR154W	10	725784	0.0005780826447085
rsYIL177C	9	483	2.98784430859555e-05
rsYJL215C	10	26412	3.59501697128979e-05
rsYJL214W	10	26887	5.17678243265394e-05
rsYDL037C	4	384601	9.2189316545786e-05
rsYMR325W	13	922641	0.0001629732184752
rsYGR137W	7	762888	0.0001660278420249
rsYJR154W	10	725784	7.23602988396581e-05
rsYPL274W	16	22938	0.0002411938180193
rsYPL273W	16	25087	0.0002411938180193
rsYJL215C	10	26412	0.0002249227526771
rsYJL214W	10	26887	0.0002973348604975
rsYNL333W	14	13267	0.0004803737415641
rsYOR389W	15	1074213	0.0009823212647566
rsYOR390W	15	1076784	0.0010355217792809
rsYPL282C	16	7933	0.0001706458935874
rsYJL215C	10	26412	0.0004369904488025
rsYHR213W-A	8	540549	7.12910882387647e-05
rsYHR213W-B	8	540800	0.0001847978886297
rsYIL177W-A	9	846	0.0001320069085225
rsYOL160W	15	14313	1.21789102014454e-05
rsYOL159C-A	15	15233	2.13154900895729e-05
rsYBR298C	2	802631	0.0001020435161221
rsYBR297W	2	800523	0.0001075759629115
rsYBR299W	2	805351	0.0001422018636279
rsYBR298C-A	2	805035	0.0001422018636279
rsYBR297W	2	800523	0.0003789788191711
rsYOR390W	15	1076784	0.0005477143718682
rsYOR389W	15	1074213	0.000248210935032
rsYAR008W	1	158966	0.0003395327713582
rsYDR032C	4	504099	0.0004011570432474
rsYDL235C	4	33415	0.00048085246893
rsYDL236W	4	32296	0.00048085246893
rsYBL107C	2	9961	0.0005224888025485
rsYGR137W	7	762888	0.0002979266182057
rsYBL107C	2	9961	8.49259337851421e-06
rsYBL111C	2	2907	0.0001877953908708
rsYBL112C	2	2582	0.0002048247298601
rsYBL113C	2	280	0.0002048247298601
rsYOR392W	15	1079282	0.0002312134013828
rsYOR391C	15	1078545	0.00024597257252
rsYOR396W	15	1085473	0.0002599776935034
rsYJL225C	10	466	0.0001843433019427
rsYPR203W	16	943880	9.04418495290649e-05
rsYPR204W	16	944603	0.0002304286732529
rsYOR396W	15	1085473	0.0004159312124963
rsYOL159C-A	15	15233	0.0003178953795865
rsYOL160W	15	14313	0.0004121301071008
rsYEL075W-A	5	4870	5.64792305948843e-05
rsYEL077C	5	264	5.64792305948843e-05
rsYEL076C	5	4464	5.64792305948843e-05
rsYEL076C-A	5	4185	5.64792305948843e-05
rsYMR325W	13	922641	0.0002375472993461
rsYNL332W	14	14832	0.0001308781854539
rsYJR154W	10	725784	0.0002968927524235
rsYNL334C	14	12208	0.0002860916366741
rsYNL336W	14	8330	0.0004075867441907
rsYNL335W	14	11452	0.0008342415358707
rsYOR389W	15	1074213	2.49228941267447e-05
rsYOR388C	15	1071793	0.0001795623360776
rsYOR390W	15	1076784	0.0003759956775495
rsYOR392W	15	1079282	0.0004933934349552
rsYOR391C	15	1078545	0.0005483039363713
rsYLR410W	12	937541	3.44455055751015e-05
rsYAR030C	1	186512	5.72568368358827e-05
rsYAR029W	1	186321	0.0001028844320779
rsYGL263W	7	2790	4.03223348389236e-05
rsYGL262W	7	5312	4.79715218528386e-05
rsYGR138C	7	763762	0.0004197427945964
rsYMR316C-B	13	907321	0.0002579378308124
rsYKL148C	11	169207	0.0001885062666393
rsYKL149C	11	167612	0.0001885062666393
rsYPR203W	16	943880	0.0008712556283306
rsYPR204W	16	944603	0.0009973883654869
rsYEL072W	5	13720	0.0003499748568396
rsYEL071W	5	16355	0.0004501048533993
rsYJR154W	10	725784	0.0002312137136874
rsYBR297W	2	800523	1.05041057561268e-05
rsYEL072W	5	13720	0.0004862690121314
rsYPL282C	16	7933	0.0001612098347822
rsYJL225C	10	466	0.0002980745908255
rsYHR219C-A	8	561199	0.0001876816724151
rsYHR219W	8	560173	0.0001876816724151
rsYMR172C-A	13	607828	0.0001980287103734
rsYHR052W	8	210848	0.0003118709736271
rsYBR302C	2	810340	0.0002275683534129
rsYDL244W	4	16204	0.0006094577124411
rsYPL280W	16	11887	0.000359226988422
rsYOR389W	15	1074213	0.0007378262601925
rsYAL066W	1	10091	0.000161334375635
rsYAL067C	1	7235	0.000161334375635
rsYAL067W-A	1	2480	0.0002251003676643
rsYEL077C	5	264	0.0004573057929666
rsYEL075W-A	5	4870	0.0004573057929666
rsYEL076C	5	4464	0.0004573057929666
rsYEL076C-A	5	4185	0.0004573057929666
rsYJR161C	10	742848	0.0003403648932531
rsYCR099C	3	300832	2.00144253869382e-05
rsYCR101C	3	302482	2.80202111384783e-05
rsYCR100C	3	301271	3.82678634466617e-05
rsYHR215W	8	552099	3.15288902669581e-05
rsYHR216W	8	554396	4.0317109500809e-05
rsYMR326C	13	923494	0.0004768250967998
rsYIL177W-A	9	846	0.000142399978741
rsYMR325W	13	922641	0.0003733944754516
rsYMR326C	13	923494	2.90962733324261e-05
rsYPR203W	16	943880	0.0002243419825427
rsYDR210W-A	4	872112	0.0003625705427314
rsYIL163C	9	36899	0.0006480916650877
rsYIL162W	9	37385	0.0006480916650877
rsYJR154W	10	725784	0.0007807428662772
rsYHR218W-A	8	559932	0.0007613525738508
rsYIR020C	9	394255	0.0002077235198598
rsYMR326C	13	923494	3.62957778220271e-05
rsYMR325W	13	922641	0.0002947598636144
rsYHR052W	8	210848	0.0006146632180004
rsYMR173W-A	13	608897	0.0001230587647123
rsYMR173W	13	608689	0.0001230587647123
rsYLR410W	12	937541	4.2032321611879e-05
rsYBL107C	2	9961	0.0001703494706413
rsYDR210W-A	4	872112	0.0002224239332623
rsYEL070W	5	19589	0.0002784193134747
rsYMR173W	13	608689	0.0004771770187647
rsYMR173W-A	13	608897	0.0004771770187647
rsYMR172C-A	13	607828	0.0005719620905855
rsYIR022W	9	398733	0.0003004567018661
rsYIR021W-A	9	398514	0.0003004567018661
rsYIR020C-B	9	397215	0.0003004567018661
rsYIR021W	9	397294	0.0003004567018661
rsYIR020W-A	9	394917	0.0003004567018661
rsYIR023W	9	399777	0.0003004567018661
rsYJR150C	10	708811	0.0003094553627328
rsYPR203W	16	943880	0.0004338045529438
rsYPR204W	16	944603	0.0005674152059735
rsYGL035C	7	431548	0.0003401665090398
rsYJR154W	10	725784	0.0002545787449287
rsYHR052W	8	210848	0.0003331709723368
rsYBR297W	2	800523	2.23995151896972e-05
rsYOR391C	15	1078545	0.0002261139450325
rsYOR392W	15	1079282	0.0002284747645368
rsYHL050C	8	445	0.0006878627981338
rsYCR106W	3	310958	0.0001094648654198
rsYCR105W	3	309070	0.0001094648654198
rsYJR154W	10	725784	3.61646548764979e-05
rsYJL214W	10	26887	0.0002393554285403
rsYJL215C	10	26412	0.0003365228776999
rsYBR302C	2	810340	0.0002950486707816
rsYOR396W	15	1085473	8.67865409998039e-06
rsYOR394C-A	15	1084202	7.90567326487903e-05
rsYOR394W	15	1082718	0.0001836453195503
rsYOR392W	15	1079282	0.000262804106367
rsYOR391C	15	1078545	0.0002722006924025
rsYOR393W	15	1080276	0.0006103342606093
rsYGL035C	7	431548	6.03502022181325e-06
rsYGL036W	7	428601	7.79193299620801e-06
rsYOR394C-A	15	1084202	0.0003881229105167
rsYJR155W	10	727405	0.0003013201889797
rsYDR012W	4	471853	0.0002913132344016
rsYNR067C	14	755746	0.0004498843994601
rsYIR020C	9	394255	3.80416543728162e-06
rsYIR020C-B	9	397215	0.0002085052811411
rsYIR021W	9	397294	0.0002085052811411
rsYIR021W-A	9	398514	0.0002085052811411
rsYIR023W	9	399777	0.0002085052811411
rsYIR022W	9	398733	0.0002085052811411
rsYIR020W-A	9	394917	0.0002085052811411
rsYIR020C	9	394255	0.0001659432389489
rsYDL039C	4	381985	9.4304980784002e-05
rsYDL037C	4	384601	0.000369204230372
rsYBR302C	2	810340	2.29692159716758e-05
rsYCR104W	3	307801	8.58421233446963e-05
rsYNL333W	14	13267	0.0006592059373456
rsYNR067C	14	755746	0.0003739696357452
rsYPR195C	16	927965	0.0001449620017931
rsYPR194C	16	924304	0.0002842956947187
rsYPR192W	16	921860	0.0004429035853023
rsYEL072W	5	13720	3.75603946009139e-06
rsYEL071W	5	16355	9.64292372621972e-06
rsYEL073C	5	7230	0.000269669112978
rsYGR137W	7	762888	0.0003171534396567
rsYNR065C	14	750350	0.0001451527378147
rsYER133W	5	432495	0.0001349148056413
rsYHR218W	8	558014	0.0002141567850993
rsYHR218W-A	8	559932	0.0003783292522573
rsYBR297W	2	800523	0.0001474555042936
rsYLL067W-A	12	843	0.0005987273432725
rsYCR039C	3	199546	0.000185534254957
rsYCR038W-A	3	199293	0.000185534254957
rsYCR038C	3	197621	0.0002959455415173
rsYGL261C	7	6290	0.0007241670525841
rsYIR020W-A	9	394917	7.26757859243347e-05
rsYIR021W	9	397294	7.26757859243347e-05
rsYIR021W-A	9	398514	7.26757859243347e-05
rsYIR022W	9	398733	7.26757859243347e-05
rsYIR020C-B	9	397215	7.26757859243347e-05
rsYIR023W	9	399777	7.26757859243347e-05
rsYIR020C	9	394255	0.0001284184415075
rsYCR038C	3	197621	0.0001438370041193
rsYHR052W	8	210848	0.0003297003452621
rsYJR161C	10	742848	0.0004326223065784
rsYNL017C	14	602138	0.0001856258270552
rsYGL035C	7	431548	0.0008360807594828
rsYMR325W	13	922641	2.94061344220714e-07
rsYMR326C	13	923494	9.22172043188329e-06
rsYFL053W	6	23423	0.0003704176345995
rsYFL055W	6	17004	0.0004248485300115
rsYNR065C	14	750350	4.34419938634565e-05
rsYPR203W	16	943880	0.0003755229019808
rsYGL263W	7	2790	0.0004891904494039
rsYGL262W	7	5312	0.0010522895675979
rsYJR156C	10	728574	0.000263289433319
rsYDR170W-A	4	803195	0.0001482025874488
rsYJL214W	10	26887	0.0002884225960599
rsYJL215C	10	26412	0.0004306662428767
rsYML133C	13	461	0.0004446180346225
rsYPR194C	16	924304	0.0004535281217487
rsYNR067C	14	755746	0.0003362846430559
rsYMR325W	13	922641	0.0001684829229291
rsYMR326C	13	923494	0.0003568760985108
rsYOL159C-A	15	15233	1.44092659110415e-05
rsYOL160W	15	14313	3.00242380571658e-05
rsYJR154W	10	725784	2.44312656013859e-05
rsYIL161W	9	39433	0.0003872059892963
rsYOR392W	15	1079282	0.0005512823203561
rsYOR391C	15	1078545	0.0005648162172484
rsYDL037C	4	384601	0.0008226907991249
rsYDL039C	4	381985	0.0002099248760039
rsYCR089W	3	267434	0.000309911257858
rsYOR390W	15	1076784	0.0004967612481537
rsYIL083C	9	203556	0.0004554617667347
rsYEL077C	5	264	0.0005204594661416
rsYEL076C	5	4464	0.0005204594661416
rsYEL076C-A	5	4185	0.0005204594661416
rsYEL075W-A	5	4870	0.0005204594661416
rsYIR020C	9	394255	0.0001203501323357
rsYIR023W	9	399777	0.0001740980794222
rsYIR020C-B	9	397215	0.0001740980794222
rsYIR021W-A	9	398514	0.0001740980794222
rsYIR020W-A	9	394917	0.0001740980794222
rsYIR021W	9	397294	0.0001740980794222
rsYIR022W	9	398733	0.0001740980794222
rsYHR219C-A	8	561199	0.0006575854049257
rsYHR219W	8	560173	0.0006575854049257
rsYHR218W-A	8	559932	0.0003409578087468
rsYHR218W	8	558014	0.000397625793622
rsYGR138C	7	763762	1.55146380035102e-05
rsYMR173W-A	13	608897	0.0001160126039334
rsYMR173W	13	608689	0.0001160126039334
rsYAR029W	1	186321	0.0001383056287669
rsYAR030C	1	186512	0.0002967004756744
rsYOR390W	15	1076784	6.43751737752643e-05
rsYCR104W	3	307801	0.0006262117180773
rsYJL225W-A	10	829	0.0002490704150655
rsYIL177W-A	9	846	0.0004805810603621
rsYCR104W	3	307801	3.85916235528147e-06
rsYJR154W	10	725784	0.0006295592281647
rsYPR204C-A	16	946856	0.000304279796577
rsYIR020C	9	394255	0.0006188872251027
rsYML133C	13	461	2.36701180280892e-05
rsYML133W-A	13	1610	8.737782001737e-05
rsYML133W-B	13	827	0.0002234081510248
rsYDR545C-A	4	1530863	0.0006241511847231
rsYHR216W	8	554396	0.0003127154576868
rsYHR215W	8	552099	0.0004037787631907
rsYCR038W-A	3	199293	7.46071579131346e-05
rsYCR039C	3	199546	7.46071579131346e-05
rsYCR038C	3	197621	8.64500722482403e-05
rsYCL069W	3	9706	0.0007065664104539
rsYBR302C	2	810340	0.0003222017145415
rsYPR204C-A	16	946856	0.0006842141801318
rsYOL148C	15	45760	2.74638846371661e-05
rsYOL149W	15	44938	2.74638846371661e-05
rsYPL278C	16	15053	0.0004316980652399
rsYHR218W	8	558014	0.0005165311400919
rsYHR214C-D	8	550648	0.0005976116545197
rsYHR214C-E	8	551200	0.0005976116545197
rsYHR218W-A	8	559932	2.69179230602257e-06
rsYHR218W	8	558014	6.7374991696133e-06
rsYHR219C-A	8	561199	1.0399113735025e-05
rsYHR219W	8	560173	1.0399113735025e-05
rsYHR214C-D	8	550648	0.0003879114088628
rsYHR214C-E	8	551200	0.0003879114088628
rsYLL021W	12	100947	8.76042902136844e-05
rsYLL020C	12	105556	0.0002897565084828
rsYLL019C	12	105686	0.0002897565084828
rsYBL107W-A	2	9268	0.0004189258315886
rsYCR107W	3	313890	5.91712004985962e-05
rsYBL107C	2	9961	0.0003391252965807
rsYAL068C	1	1807	0.000407391764777
rsYCR089W	3	267434	0.0005034115892416
rsYJR154W	10	725784	0.0008200384504689
rsYEL070W	5	19589	0.0002783011610364
rsYCL067C	3	12386	0.0003340702411974
rsYIR022W	9	398733	0.0002238977359879
rsYIR021W-A	9	398514	0.0002238977359879
rsYIR020C-B	9	397215	0.0002238977359879
rsYIR023W	9	399777	0.0002238977359879
rsYIR020W-A	9	394917	0.0002238977359879
rsYIR021W	9	397294	0.0002238977359879
rsYIL177C	9	483	0.0001838752336957
rsYPL283W-B	16	643	6.28050640072819e-05
rsYPL283W-A	16	1426	0.0005701988817351
rsYLR410W	12	937541	0.0003315379664659
rsYBL113C	2	280	0.0010082245195323
rsYBL112C	2	2582	0.0010082245195323
rsYEL070W	5	19589	0.0007159602525459
rsYHR215W	8	552099	7.23771641125358e-05
rsYHR214C-D	8	550648	2.49264207136084e-05
rsYHR214C-E	8	551200	2.49264207136084e-05
rsYHR213W-B	8	540800	0.0001151090111432
rsYHR215W	8	552099	0.0002211427752605
rsYHR219W	8	560173	0.0002301801034781
rsYHR219C-A	8	561199	0.0002301801034781
rsYOL159C-A	15	15233	4.70012848387024e-05
rsYOL160W	15	14313	6.41091052584977e-05
rsYJR162C	10	744911	0.0010301867477471
rsYDL039C	4	381985	0.0002569670811303
rsYBR297W	2	800523	0.0004753264744981
rsYCR096C	3	293179	0.0001722793740069
rsYMR326C	13	923494	0.0002334408388925
rsYIL161W	9	39433	0.0003366451751004
rsYDR032C	4	504099	0.0004167987979699
rsYIL177W-A	9	846	0.0004819383294483
rsYLL021W	12	100947	1.13759333488138e-05
rsYDL037C	4	384601	3.03148480246034e-05
rsYPL282C	16	7933	0.0005761280587538
rsYIR020W-A	9	394917	7.29700198234535e-08
rsYIR020C-B	9	397215	7.29700198234535e-08
rsYIR021W	9	397294	7.29700198234535e-08
rsYIR022W	9	398733	7.29700198234535e-08
rsYIR023W	9	399777	7.29700198234535e-08
rsYIR021W-A	9	398514	7.29700198234535e-08
rsYIR020C	9	394255	2.39824424246142e-06
rsYPL277C	16	15405	0.0001697627286326
rsYPL278C	16	15053	0.000465991182596
rsYNR077C	14	783287	0.0004346269598881
rsYJL225W-A	10	829	1.66183679185107e-06
rsYOR394C-A	15	1084202	0.0004455234753832
rsYPL273W	16	25087	0.0004809236557823
rsYPL274W	16	22938	0.0004809236557823
rsYPL273W	16	25087	0.0001398378133697
rsYPL274W	16	22938	0.0001398378133697
rsYOR392W	15	1079282	0.0008328038506909
rsYOR391C	15	1078545	0.0008529138687436
rsYHR218W-A	8	559932	0.0005435925661574
rsYHR218W	8	558014	0.0008165176552425
rsYJR150C	10	708811	0.0001792010824779
rsYMR325W	13	922641	3.18580192332739e-06
rsYMR326C	13	923494	8.35985073793058e-06
rsYOR390W	15	1076784	0.0001480756361204
rsYMR326C	13	923494	0.0004541499629975
rsYFL053W	6	23423	0.0001583975092412
rsYFL055W	6	17004	0.0005007749580838
rsYHR219C-A	8	561199	0.0001820547494226
rsYHR219W	8	560173	0.0001820547494226
rsYHL014C	8	76097	0.0002814060260804
rsYGL258W	7	11110	9.72170832928013e-05
rsYDR037W	4	525440	0.0007160048378501
rsYHR219C-A	8	561199	3.88319914176246e-05
rsYHR219W	8	560173	3.88319914176246e-05
rsYHR218W	8	558014	8.06863722918123e-05
rsYHR218W-A	8	559932	0.0001611783874837
rsYNR072W	14	772657	0.0001282289172899
rsYEL076C	5	4464	0.0001861893656305
rsYEL076C-A	5	4185	0.0001861893656305
rsYEL075W-A	5	4870	0.0001861893656305
rsYEL077C	5	264	0.0001861893656305
rsYPL281C	16	9557	0.0001589454601727
rsYPL277C	16	15405	0.0002259345572623
rsYPL279C	16	13228	0.0003729859088699
rsYPL282C	16	7933	0.0003914899365365
rsYMR317W	13	907364	0.0005404976862523
rsYGL261C	7	6290	0.0007151670349848
rsYIL162W	9	37385	0.0001202689039167
rsYIL163C	9	36899	0.0001202689039167
rsYIL177C	9	483	0.0002346734594428
rsYBR302C	2	810340	0.0001438939900334
rsYNR068C	14	760067	0.0002488719516767
rsYNR069C	14	761123	0.0002488719516767
rsYNR070W	14	765375	0.0002821852355879
rsYNR071C	14	770440	0.0006541494306749
rsYOR389W	15	1074213	0.0008209588655556
rsYNL018C	14	599936	0.0001569088395665
rsYHR215W	8	552099	0.0002966072497263
rsYHR216W	8	554396	0.000366190329986
rsYOR391C	15	1078545	0.0004549126732653
rsYNL332W	14	14832	0.000576229955745
rsYOR389W	15	1074213	9.10838259546079e-05
rsYAL068C	1	1807	2.39564043182468e-06
rsYBR302C	2	810340	0.000624666008594
rsYMR172C-A	13	607828	0.000172923380752
rsYMR325W	13	922641	0.0001938650680861
rsYJR162C	10	744911	0.0007284673730549
rsYKL220C	11	9091	0.0009129223142872
rsYKL221W	11	6107	0.0009129223142872
rsYMR325W	13	922641	0.0002025016553126
rsYMR326C	13	923494	0.0002960482264096
rsYJR154W	10	725784	0.0002373623452576
rsYNR066C	14	753725	0.0009495562678313
rsYMR326C	13	923494	0.0001567561182164
rsYBR302C	2	810340	0.0002511354920486
rsYJR154W	10	725784	1.12197713933726e-05
rsYDL244W	4	16204	0.000289733573562
rsYBL113C	2	280	0.0004348047214153
rsYBL112C	2	2582	0.0004348047214153
rsYPR203W	16	943880	0.0002827937198989
rsYJR154W	10	725784	0.0003626633853858
rsYPL273W	16	25087	0.0003813286713178
rsYPL274W	16	22938	0.0003813286713178
rsYHR214C-E	8	551200	0.0004110956002924
rsYHR214C-D	8	550648	0.0004110956002924
rsYMR326C	13	923494	0.0004564474514756
rsYDR210W-A	4	872112	7.56115439468643e-05
rsYHR218W-A	8	559932	0.0001768951923821
rsYHR218W	8	558014	0.0002137182800775
rsYNL336W	14	8330	7.16166048096516e-05
rsYNL335W	14	11452	7.8872283153251e-05
rsYNL334C	14	12208	9.57827654819145e-05
rsYCR089W	3	267434	4.26367778116049e-06
rsYCR038C	3	197621	8.83331733064369e-05
rsYCR039C	3	199546	0.0001042638259156
rsYCR038W-A	3	199293	0.0001042638259156
rsYCR097W	3	293835	1.12520919124163e-05
rsYCR097W-A	3	294439	3.13495595330321e-05
rsYCR096C	3	293179	3.6529681547693e-05
rsYNL017C	14	602138	0.0003261498698823
rsYEL073C	5	7230	6.06126229417928e-05
rsYIL161W	9	39433	0.0008509491041994
rsYBR297W	2	800523	0.000133864162763
rsYBL107C	2	9961	4.00108603794448e-05
rsYMR325W	13	922641	0.0002219245973846
rsYCR106W	3	310958	1.37079148286863e-05
rsYCR105W	3	309070	1.37079148286863e-05
rsYNR069C	14	761123	0.0002632405831358
rsYNR068C	14	760067	0.0002632405831358
rsYNR070W	14	765375	0.0003121807820121
rsYNR071C	14	770440	0.0003569644084409
rsYPR204W	16	944603	0.0004817858810357
rsYPR203W	16	943880	0.0005759516498873
rsYDL037C	4	384601	0.0001504967445461
rsYDL039C	4	381985	0.0002836111446042
rsYPL282C	16	7933	0.0002470781828073
rsYJR154W	10	725784	0.000193954615518
rsYCR105W	3	309070	0.0003368272890759
rsYCR106W	3	310958	0.0003368272890759
rsYJR154W	10	725784	7.88150720020546e-05
rsYBR302C	2	810340	0.0001806262645146
rsYBR297W	2	800523	0.0002472850240462
rsYJL215C	10	26412	0.0002804841703574
rsYJL214W	10	26887	0.0002890083382762
rsYPR204W	16	944603	6.84415024074248e-05
rsYPR203W	16	943880	0.0002379058511619
rsYJL215C	10	26412	0.0004228546405114
rsYGL260W	7	6860	4.81970758186383e-05
rsYGL259W	7	8470	0.0001737049519999
rsYGL261C	7	6290	0.0006742655941431
rsYCR106W	3	310958	0.0003369877803968
rsYCR105W	3	309070	0.0003369877803968
rsYBR297W	2	800523	0.0005722014075247
rsYHR214C-E	8	551200	4.05131607083028e-05
rsYHR214C-D	8	550648	4.05131607083028e-05
rsYHR213W-A	8	540549	0.0002893243973189
rsYNL019C	14	598376	3.77968710647205e-05
rsYBR297W	2	800523	5.23369110124804e-05
rsYCR089W	3	267434	0.0002936120175597
rsYOR387C	15	1069621	0.0002616103976067
rsYJL225C	10	466	0.0004076467602121
rsYCR105W	3	309070	6.98928847698221e-05
rsYCR106W	3	310958	6.98928847698221e-05
rsYCR101C	3	302482	0.0002618887992547
rsYHR213W-A	8	540549	2.98171130090023e-05
rsYIL177W-A	9	846	0.0001626409489767
rsYNR067C	14	755746	0.0003057461882558
rsYLL067W-A	12	843	0.0007982720920864
rsYDR210W-A	4	872112	3.7012404957112e-05
rsYCR100C	3	301271	0.0003113831026843
rsYCR099C	3	300832	0.0003766085648132
rsYNL338W	14	6561	0.0002010423790156
rsYNL018C	14	599936	0.0003770563039853
rsYPR204C-A	16	946856	0.0009308712511667
rsYDR210W-A	4	872112	2.03765996723629e-06
rsYHR213W-A	8	540549	4.64115395183087e-05
rsYJR150C	10	708811	9.21801401279696e-05
rsYDR210W-A	4	872112	1.28215615997149e-05
rsYDR150W	4	755628	0.0002041638335388
rsYJR154W	10	725784	1.76411734614247e-05
rsYHR052W	8	210848	0.0002712143192365
rsYMR325W	13	922641	6.43898842069439e-05
rsYMR326C	13	923494	0.0002938085083246
rsYBR300C	2	808600	0.0002239093930829
rsYBR301W	2	809057	0.0002239093930829
rsYBR297W	2	800523	0.000296514240001
rsYJR150C	10	708811	1.77145012100069e-05
rsYPR204C-A	16	946856	0.0004211151198667
rsYPR204W	16	944603	0.0005573628119102
rsYDL037C	4	384601	0.0008970195173493
rsYOR394W	15	1082718	0.0001085332274508
rsYOR390W	15	1076784	0.0001543933337108
rsYOR393W	15	1080276	0.0001848781758653
rsYPR202W	16	943032	0.0002102906344574
rsYOR389W	15	1074213	0.0003341550224665
rsYOR394C-A	15	1084202	0.0004596831054964
rsYPR204W	16	944603	2.59240508845788e-05
rsYPR203W	16	943880	0.0002210622512056
rsYIL163C	9	36899	0.0003417140758525
rsYIL162W	9	37385	0.0003417140758525
rsYCR089W	3	267434	0.0001681222767112
rsYMR326C	13	923494	3.73076974225985e-05
rsYMR325W	13	922641	6.19188228742443e-05
rsYCR038C	3	197621	0.0002878170307557
rsYLL021W	12	100947	0.0002260052045491
rsYIR022W	9	398733	0.0004744781797764
rsYIR020W-A	9	394917	0.0004744781797764
rsYIR020C-B	9	397215	0.0004744781797764
rsYIR023W	9	399777	0.0004744781797764
rsYIR021W-A	9	398514	0.0004744781797764
rsYIR021W	9	397294	0.0004744781797764
rsYAL068C	1	1807	5.58695610528553e-05
rsYIL177W-A	9	846	3.84751913308966e-05
rsYJL225C	10	466	4.83159434217183e-05
rsYJL225W-A	10	829	0.0002479710688509
rsYBL107W-A	2	9268	0.0003765354460893
rsYBR297W	2	800523	0.0003459511784732
rsYMR149W	13	560996	0.000895597072004
rsYMR150C	13	561956	0.000895597072004
rsYMR151W	13	562506	0.000895597072004
rsYGL260W	7	6860	0.0004372639275995
rsYGL262W	7	5312	0.0008207023601375
rsYML133W-B	13	827	0.000248666818904
rsYML133W-A	13	1610	0.0007575275294833
rsYNR067C	14	755746	0.000364722230414
rsYBR297W	2	800523	0.000216601486592
rsYHR052W	8	210848	0.0003384990399722
rsYPL281C	16	9557	4.88800233523429e-05
rsYPL277C	16	15405	0.0001796066389934
rsYIL177C	9	483	0.0004183087658144
rsYPL278C	16	15053	0.0005102723753883
rsYKL148C	11	169207	0.0001506563820569
rsYKL149C	11	167612	0.0001506563820569
rsYBR302C	2	810340	0.0001878191513814
rsYBR297W	2	800523	0.0005029831444708
rsYBR302C	2	810340	0.000441504318827
rsYHL050C	8	445	0.0002219449460154
rsYJR154W	10	725784	5.07099739858265e-05
rsYOR390W	15	1076784	1.22421348682477e-06
rsYOR389W	15	1074213	4.98786274479683e-05
rsYMR326C	13	923494	0.0004016465988052
rsYMR325W	13	922641	0.0005177956687809
rsYPR204C-A	16	946856	7.09056531889747e-05
rsYPR204W	16	944603	0.0001170008015745
rsYPR203W	16	943880	0.0002280907761263
rsYHR218W-A	8	559932	0.0002282538952935
rsYHR218W	8	558014	0.000406579889244
rsYBL113C	2	280	0.0001965527032845
rsYBL112C	2	2582	0.0001965527032845
rsYBL111C	2	2907	0.0002210096650901
rsYHL049C	8	3726	3.34489676477943e-05
rsYHL050C	8	445	4.34276650747905e-05
rsYML132W	13	7244	0.0003358129244597
rsYHR218W-A	8	559932	0.0002909031903685
rsYHR218W	8	558014	0.0006560581442857
rsYHR219W	8	560173	0.0007729134298424
rsYHR219C-A	8	561199	0.0007729134298424
rsYPR195C	16	927965	5.38496584880256e-05
rsYPR194C	16	924304	7.09085192767621e-05
rsYPR193C	16	922909	0.0001028391503219
rsYPR192W	16	921860	0.0001359682665029
rsYNL338W	14	6561	2.23293155076118e-05
rsYNL336W	14	8330	3.13589951314148e-05
rsYNL335W	14	11452	5.60670221734555e-05
rsYNL337W	14	7165	0.0001790443885304
rsYNL334C	14	12208	0.0004863177713061
rsYNL333W	14	13267	0.0004975267638316
rsYMR172C-A	13	607828	0.0003370116159081
rsYDR420W	4	1306267	0.0001759315479133
rsYHR146W	8	390300	0.0002167533671739
rsYHR147C	8	392639	0.0003323400663155
rsYPL273W	16	25087	7.90927091132841e-05
rsYPL274W	16	22938	7.90927091132841e-05
rsYHL049C	8	3726	0.0003287071572079
rsYHL050C	8	445	0.0004899918544503
rsYGR138C	7	763762	2.05648200309804e-05
rsYIR033W	9	416124	0.0005507908465404
rsYIR037W	9	423128	0.0005853457977204
rsYIR036C	9	422074	0.0005853457977204
rsYIR034C	9	419615	0.0005853457977204
rsYIR036W-A	9	422635	0.0005853457977204
rsYIR035C	9	421026	0.0005853457977204
rsYIR038C	9	423809	0.0005853457977204
rsYPR204C-A	16	946856	0.0007354548394752
rsYPR203W	16	943880	0.0007833330093621
rsYGR138C	7	763762	0.0007244362057136
rsYDL235C	4	33415	0.0001410654780535
rsYDL236W	4	32296	0.0001410654780535
rsYBR302C	2	810340	4.18754886852195e-06
rsYBR301W	2	809057	0.0001446803062553
rsYBR300C	2	808600	0.0001446803062553
rsYBR297W	2	800523	0.0003295903760895
rsYBR298C-A	2	805035	0.0005183122905062
rsYBR299W	2	805351	0.0005183122905062
rsYPL283W-B	16	643	0.0006487455642039
rsYOR343W-A	15	970578	4.52407757375518e-05
rsYNL331C	14	16118	0.0009671384889122
rsYHR218W-A	8	559932	1.39946943144442e-05
rsYHR218W	8	558014	2.99231964364389e-05
rsYHR219W	8	560173	7.06986278491741e-05
rsYHR219C-A	8	561199	7.06986278491741e-05
rsYHR214C-D	8	550648	0.0001102138398269
rsYHR214C-E	8	551200	0.0001102138398269
rsYPR204W	16	944603	0.0003570815218793
rsYPR204C-A	16	946856	0.0003750675615934
rsYHR213W-B	8	540800	0.0004642691122122
rsYPR203W	16	943880	0.0005703439731255
rsYJR154W	10	725784	8.21742820051751e-05
rsYHR219C-A	8	561199	0.0008348530901799
rsYHR219W	8	560173	0.0008348530901799
rsYIL177C	9	483	0.0003960327676315
rsYMR172C-A	13	607828	0.0004205668407694
rsYOL159C-A	15	15233	0.0003542602902045
rsYOL160W	15	14313	0.0004301192040762
rsYJR154W	10	725784	0.0004863122605641
rsYOR390W	15	1076784	0.0001681574671834
rsYOR389W	15	1074213	0.0001915099844069
rsYOR394W	15	1082718	0.0004471375922527
rsYCR089W	3	267434	0.0002799717423694
rsYJR154W	10	725784	0.0001976063015412
rsYGR137W	7	762888	0.0002498356147506
rsYAL067C	1	7235	0.0005274020390423
rsYAL066W	1	10091	0.0005274020390423
rsYGR138C	7	763762	0.0001021003925097
rsYNR071C	14	770440	0.0001288951692397
rsYOR389W	15	1074213	0.000160582576107
rsYPR204W	16	944603	0.0001958291231941
rsYBR298C-A	2	805035	0.0002610569686797
rsYBR299W	2	805351	0.0002610569686797
rsYMR326C	13	923494	0.000548265770097
rsYMR325W	13	922641	0.0006658489961314
rsYJR150C	10	708811	0.0001779024863224
rsYMR325W	13	922641	0.0002713962746321
rsYLR410W	12	937541	0.000477339461872
rsYPL279C	16	13228	0.0002460102408497
rsYHR219C-A	8	561199	0.000206442214764
rsYHR219W	8	560173	0.000206442214764
rsYDL037C	4	384601	0.0004058915055732
rsYJR154W	10	725784	0.0005594475659245
rsYCR038C	3	197621	0.0007469599012699
rsYCR039C	3	199546	0.0009471828692766
rsYCR038W-A	3	199293	0.0009471828692766
rsYBR301W	2	809057	0.0002919274286545
rsYBR300C	2	808600	0.0002919274286545
rsYBR302C	2	810340	0.0003160764342386
rsYBR299W	2	805351	0.0003229568461309
rsYBR298C-A	2	805035	0.0003229568461309
rsYBR298C	2	802631	0.0004064613778155
rsYJL214W	10	26887	0.0001587566609936
rsYPR204W	16	944603	0.0002159232427324
rsYJL215C	10	26412	0.0002435377948014
rsYPR204C-A	16	946856	0.0003526643735632
rsYJR154W	10	725784	0.0001077436430561
rsYOR389W	15	1074213	7.47283752056975e-05
rsYJL214W	10	26887	0.0003074450836103
rsYCR106W	3	310958	0.0005264729434295
rsYCR105W	3	309070	0.0005264729434295
rsYNR067C	14	755746	0.0003330167304397
rsYAR029W	1	186321	0.000826386777325
rsYAR071W	1	225460	4.88831176819734e-05
rsYAR069C	1	224011	0.000374608848905
rsYAR064W	1	220198	0.000374608848905
rsYAR066W	1	221049	0.000374608848905
rsYAR070C	1	224563	0.000374608848905
rsYAR068W	1	222406	0.000374608848905
rsYJR162C	10	744911	0.0003824725201586
rsYMR317W	13	907364	0.00041579466648
rsYPR194C	16	924304	6.548705704686e-05
rsYPR201W	16	939922	0.0002310992537239
rsYPR200C	16	939279	0.000269586477141
rsYPR199C	16	938148	0.000269586477141
rsYPR195C	16	927965	0.0004702077624254
rsYEL071W	5	16355	5.86269162789529e-05
rsYEL072W	5	13720	6.53058805261364e-05
rsYNL019C	14	598376	0.0005060839588848
rsYMR325W	13	922641	0.0002247244992273
rsYHR216W	8	554396	5.61694531889554e-05
rsYHR215W	8	552099	0.000103922631485
rsYIR020C	9	394255	0.0003221736466416
rsYBL111C	2	2907	0.0006934677746746
rsYGL260W	7	6860	0.000252719340861
rsYMR174C	13	610159	0.0003378016321312
rsYHR218W-A	8	559932	3.01418785247452e-05
rsYHR218W	8	558014	4.0193674787829e-05
rsYHR219C-A	8	561199	5.02616093925464e-05
rsYHR219W	8	560173	5.02616093925464e-05
rsYHR214C-E	8	551200	0.000347472823424
rsYHR214C-D	8	550648	0.000347472823424
rsYGR137W	7	762888	7.20694495469858e-05
rsYIL177W-A	9	846	5.7512292977289e-05
rsYJL215C	10	26412	0.0001188056062458
rsYJL214W	10	26887	0.0001243135085284
rsYLL020C	12	105556	0.000292995158557
rsYLL019C	12	105686	0.000292995158557
rsYJL215C	10	26412	0.0003663351439315
rsYJL214W	10	26887	0.0006379903301627
rsYNL017C	14	602138	3.01701795873068e-05
rsYNL018C	14	599936	0.0008458188679304
rsYNL017C	14	602138	0.0011079677809677
rsYNL332W	14	14832	0.0003544704042118
rsYMR325W	13	922641	5.9463559347565e-05
rsYMR326C	13	923494	0.0004392748496249
rsYPR203W	16	943880	9.52629309571516e-05
rsYPR204W	16	944603	0.0001200782037309
rsYKR102W	11	646356	0.00012443068299
rsYPR204W	16	944603	0.0003520056753495
rsYNL019C	14	598376	0.0004399919929685
rsYOR392W	15	1079282	0.0002661563297797
rsYOR391C	15	1078545	0.0002840993984745
rsYOR394C-A	15	1084202	0.0003256050476981
rsYAR029W	1	186321	9.6716864725485e-05
rsYAR030C	1	186512	0.0001866723053892
rsYHR215W	8	552099	5.17944217248552e-05
rsYHR216W	8	554396	5.29483682188847e-05
rsYGR138C	7	763762	0.0006812842167528
rsYBR297W	2	800523	0.0005306892554843
rsYJL215C	10	26412	0.0002851756215706
rsYJL214W	10	26887	0.0003113105035954
rsYJR154W	10	725784	0.0003359221872905
rsYBR298C-A	2	805035	3.01845628063399e-05
rsYBR299W	2	805351	3.01845628063401e-05
rsYBR301W	2	809057	3.44085032009942e-05
rsYBR300C	2	808600	3.44085032009942e-05
rsYBR297W	2	800523	9.40462389902434e-05
rsYBR302C	2	810340	0.0001342594139507
rsYBR298C	2	802631	0.0001695958554874
rsYPR201W	16	939922	0.0004380506205313
rsYPR200C	16	939279	0.0004838840570533
rsYPR199C	16	938148	0.0004838840570533
rsYOR390W	15	1076784	0.0001308807657739
rsYIL177C	9	483	0.0002149031671252
rsYJR154W	10	725784	0.0002426993691924
rsYPL283W-B	16	643	0.0001736009891083
rsYCR105W	3	309070	0.0001279586697478
rsYCR106W	3	310958	0.0001279586697478
rsYBR297W	2	800523	0.00030735668101
rsYHR052W	8	210848	0.0002775161427573
rsYHR218W-A	8	559932	0.0007337212305258
rsYHR219C-A	8	561199	0.0008689184354249
rsYHR219W	8	560173	0.0008689184354249
rsYHR213W-B	8	540800	0.0009619225409844
rsYCR105W	3	309070	0.0005217668096923
rsYCR106W	3	310958	0.0005217668096923
rsYHR218W-A	8	559932	0.0006167985388997
rsYLL067W-A	12	843	0.0003923850047426
rsYOR390W	15	1076784	0.0003242280327747
rsYOR389W	15	1074213	0.0008026419740417
rsYOR390W	15	1076784	0.0004322364255657
rsYBR297W	2	800523	0.0007541632387637
rsYNL331C	14	16118	0.0004359235824341
rsYIR020C	9	394255	0.0001441695824184
rsYJL214W	10	26887	0.0004252116092801
rsYJL215C	10	26412	0.0004694369077443
rsYLL021W	12	100947	0.0003472373969967
rsYBR302C	2	810340	5.33618907073007e-05
rsYMR326C	13	923494	7.28564075782113e-05
rsYHR052W	8	210848	0.0001941014394752
rsYMR325W	13	922641	0.0005679650030322
rsYLL020C	12	105556	1.21428569379518e-05
rsYLL019C	12	105686	1.21428569379518e-05
rsYLL021W	12	100947	9.13890592012216e-05
rsYAR029W	1	186321	0.0001945266788205
rsYNR070W	14	765375	0.0001467090768056
rsYNR069C	14	761123	0.00014782196304
rsYNR068C	14	760067	0.00014782196304
rsYCR099C	3	300832	0.0002835053407666
rsYCR100C	3	301271	0.0003597942320251
rsYNR071C	14	770440	0.0003622257798218
rsYLL067W-A	12	843	0.0004700355341718
rsYNR071C	14	770440	0.000352638357275
rsYAR035W	1	190193	0.0004379140235439
rsYDR420W	4	1306267	8.18095534996679e-05
rsYMR326C	13	923494	0.0006063227612107
rsYHL015W	8	75412	0.0001164523089526
rsYHL014C	8	76097	0.0001583872082156
rsYAR071W	1	225460	0.0008235574728201
rsYBL112C	2	2582	3.01032115370628e-05
rsYBL113C	2	280	3.01032115370628e-05
rsYBL111C	2	2907	6.04314979073554e-05
rsYDR170W-A	4	803195	0.0001943778220917
rsYIL161W	9	39433	1.51748638455923e-05
rsYGL260W	7	6860	0.0002216484110753
rsYIL163C	9	36899	0.0003548453136199
rsYIL162W	9	37385	0.0003548453136199
rsYPL277C	16	15405	0.0001141406764962
rsYOR389W	15	1074213	0.0002031203579478
rsYHR218W-A	8	559932	0.0002093913452931
rsYHR218W	8	558014	0.0003265340041595
rsYIL177W-A	9	846	0.0004362812504071
rsYJL214W	10	26887	0.0009609333103646
rsYHR219C-A	8	561199	0.0002105756075282
rsYHR219W	8	560173	0.0002105756075282
rsYHR218W-A	8	559932	0.0002503742257126
rsYIR019C	9	389572	0.0001121409791476
rsYPL187W	16	193648	0.000120048070114
rsYPL188W	16	191406	0.000120048070114
rsYBR301W	2	809057	0.0006145588745647
rsYBR300C	2	808600	0.0006145588745647
rsYCR039C	3	199546	0.0008165525851424
rsYCR038W-A	3	199293	0.0008165525851424
rsYCR089W	3	267434	0.0009364124305302
rsYCR038C	3	197621	0.0013150885813449
rsYPR202W	16	943032	0.0001430168671902
rsYJR150C	10	708811	8.20429374367702e-05
rsYML132W	13	7244	0.0002277551375364
rsYOR390W	15	1076784	0.0002004129326142
rsYBR297W	2	800523	0.0006553359338017
rsYNR071C	14	770440	8.07650043014782e-05
rsYIL177C	9	483	0.0001821936104976
rsYHR219C-A	8	561199	7.76101432768234e-05
rsYHR219W	8	560173	7.76101432768234e-05
rsYHR218W	8	558014	0.0004986163206696
rsYHR218W-A	8	559932	0.0005414477677262
rsYHR218W	8	558014	0.0001786662630485
rsYHR218W-A	8	559932	0.0002060583769311
rsYHR217C	8	556581	0.0003860997080665
rsYHR219W	8	560173	0.0005315908122948
rsYHR219C-A	8	561199	0.0005315908122948
rsYJR154W	10	725784	0.0005974474008351
rsYPR198W	16	934034	0.0003923074734182
rsYPR195C	16	927965	0.0003938467335794
rsYDR037W	4	525440	0.0001450936116872
rsYMR326C	13	923494	0.0006305966875519
rsYBR297W	2	800523	0.0002038754039025
rsYBR298C-A	2	805035	0.0003108055762206
rsYBR299W	2	805351	0.0003108055762206
rsYKR102W	11	646356	6.18133188722921e-05
rsYNR075W	14	779916	0.0002972256009547
rsYNR074C	14	777602	0.0003337602317282
rsYHR219C-A	8	561199	6.47708474432397e-05
rsYHR219W	8	560173	6.47708474432397e-05
rsYHR218W	8	558014	0.0003195213957852
rsYHR218W-A	8	559932	0.000334108731957
rsYGL258W-A	7	9162	0.0002426734564269
rsYGL262W	7	5312	0.0003189779870761
rsYEL071W	5	16355	0.0001087654392684
rsYEL072W	5	13720	0.0001527197820325
rsYNL018C	14	599936	0.0004184359196315
rsYIR033W	9	416124	0.0003567149336911
rsYJL214W	10	26887	2.71631694480368e-05
rsYJL215C	10	26412	5.96447801221863e-05
rsYOR389W	15	1074213	6.15897066458609e-05
rsYLL067W-A	12	843	7.5063879022653e-05
rsYHR218W	8	558014	0.0002426190970614
rsYHR218W-A	8	559932	0.0002876324197657
rsYHR219W	8	560173	0.0004245668903893
rsYHR219C-A	8	561199	0.0004245668903893
rsYOR391C	15	1078545	0.0001560118241939
rsYOR392W	15	1079282	0.0001694150629689
rsYPR196W	16	931376	0.0003843641777492
rsYOR388C	15	1071793	0.0001045584109591
rsYOR390W	15	1076784	0.000106330542187
rsYOR389W	15	1074213	0.0002001148181564
rsYPL281C	16	9557	0.0001366697618895
rsYPL282C	16	7933	0.0002689622230278
rsYIR020C	9	394255	0.0005331837200237
rsYCR105W	3	309070	0.0002226716253629
rsYCR106W	3	310958	0.0002226716253629
rsYCR089W	3	267434	0.0001735859360323
rsYBL107C	2	9961	0.0005315363572621
rsYBR302C	2	810340	8.88416642256306e-05
rsYBR301W	2	809057	0.0001559244275395
rsYBR300C	2	808600	0.0001559244275395
rsYBR299W	2	805351	0.0002304983204012
rsYBR298C-A	2	805035	0.0002304983204012
rsYBR298C	2	802631	0.000522442575641
rsYJL214W	10	26887	0.000161778850298
rsYJL215C	10	26412	0.0001965239686309
rsYJL215C	10	26412	0.0005432989343089
rsYJL214W	10	26887	0.0006976084790346
rsYIL177W-A	9	846	0.0005739111524633
rsYDR032C	4	504099	6.79444142331136e-05
rsYHR219C-A	8	561199	0.0001176619239761
rsYHR219W	8	560173	0.0001176619239761
rsYHR218W-A	8	559932	0.0001973554585452
rsYHR218W	8	558014	0.0002521087994716
rsYHR214W	8	541651	0.0004422731610331
rsYHR217C	8	556581	0.0004607754324308
rsYHR214C-D	8	550648	0.0005115459051817
rsYHR214C-E	8	551200	0.0005115459051817
rsYHR213W-B	8	540800	0.0005208786545085
rsYJR154W	10	725784	4.25205884258386e-05
rsYHR045W	8	195551	0.0005995898608326
rsYHR046C	8	197398	0.0005995898608326
rsYPL281C	16	9557	0.0003529900165059
rsYPL282C	16	7933	0.0004299270099226
rsYBL107C	2	9961	0.0003512713584058
rsYDR210W-A	4	872112	0.000191126723198
rsYAL068C	1	1807	0.000425545126624
rsYPL273W	16	25087	0.0008304632626662
rsYPL274W	16	22938	0.0008304632626662
rsYIL163C	9	36899	7.34972311036564e-06
rsYIL162W	9	37385	7.34972311036564e-06
rsYIL161W	9	39433	1.31583997679649e-05
rsYNL332W	14	14832	0.0004901061763202
rsYJL225C	10	466	0.0003722508056093
rsYMR326C	13	923494	0.0007447150536026
rsYIL177W-A	9	846	0.0003706507849704
rsYOR394C-A	15	1084202	0.0006842141896233
rsYPR203W	16	943880	0.0001422842701239
rsYDL037C	4	384601	0.0004143512230104
rsYPR204W	16	944603	0.000560623796733
rsYBR297W	2	800523	0.0001868326652555
rsYMR325W	13	922641	0.0002148451970678
rsYMR326C	13	923494	0.0005766734178095
rsYPR203W	16	943880	0.0007160726909001
rsYCR105W	3	309070	0.0002405090755724
rsYCR106W	3	310958	0.0002405090755724
rsYEL071W	5	16355	3.64384050062653e-05
rsYHR214C-D	8	550648	0.0006580224099776
rsYHR214C-E	8	551200	0.0006580224099776
rsYBR301W	2	809057	0.0004258668289313
rsYBR300C	2	808600	0.0004258668289313
rsYBR298C-A	2	805035	0.0006523748550067
rsYBR299W	2	805351	0.0006523748550067
rsYPL277C	16	15405	0.0001012036530136
rsYPL278C	16	15053	0.0001837206484635
rsYPL282C	16	7933	0.0002664404004705
rsYMR325W	13	922641	0.0003266154765029
rsYMR326C	13	923494	0.0004699800179818
rsYCR104W	3	307801	0.0002006236148345
rsYJR161C	10	742848	0.0001072713383899
rsYAR071W	1	225460	0.0004845750652041
rsYHR219C-A	8	561199	0.0003438732341693
rsYHR219W	8	560173	0.0003438732341693
rsYCR105W	3	309070	1.92983029939939e-05
rsYCR106W	3	310958	1.92983029939939e-05
rsYOR390W	15	1076784	0.0003138737620574
rsYDR545C-A	4	1530863	0.0002932226695207
rsYPR204C-A	16	946856	0.0004260311647731
rsYIR019C	9	389572	0.0005720246292455
rsYBR297W	2	800523	6.81217212256825e-05
rsYJL214W	10	26887	0.0002048709028239
rsYJL215C	10	26412	0.0002730919916105
rsYHR215W	8	552099	2.71972972380267e-05
rsYHR216W	8	554396	0.0002158882939767
rsYJL215C	10	26412	0.0002134321359269
rsYJL214W	10	26887	0.0004002630933499
rsYPR204W	16	944603	0.0006329071549173
rsYBR299W	2	805351	7.09279595954022e-05
rsYBR298C-A	2	805035	7.09279595954022e-05
rsYBR298C	2	802631	0.0001157781059053
rsYBR302C	2	810340	0.0001885255636538
rsYBR300C	2	808600	0.0003057808204799
rsYBR301W	2	809057	0.0003057808204799
rsYOR392W	15	1079282	5.81655688477574e-05
rsYIL177W-A	9	846	6.22721261375406e-05
rsYOR391C	15	1078545	8.00188526229442e-05
rsYHR218W	8	558014	0.0003763843157502
rsYEL077W-A	5	630	0.0004170915987222
rsYNR066C	14	753725	6.40236584835929e-05
rsYBR302C	2	810340	0.0003533211835098
rsYJR150C	10	708811	1.61107071512787e-05
rsYHR213W-A	8	540549	0.0010145369619494
rsYHR213W-A	8	540549	8.19066226266354e-05
rsYHR213W-B	8	540800	0.0005277895534704
rsYJR162C	10	744911	0.0003374833698219
rsYBR297W	2	800523	0.0006058112953611
rsYBR297W	2	800523	2.33886196102449e-05
rsYLL067W-A	12	843	0.0001894496294684
rsYDR170W-A	4	803195	0.0003523218220237
rsYOR389W	15	1074213	0.0004170245871751
rsYDR210W-A	4	872112	0.0005395251077964
rsYCR096C	3	293179	5.36861377763868e-05
rsYCR097W	3	293835	6.64913151674289e-05
rsYCR097W-A	3	294439	0.000184159861269
rsYCR038W-A	3	199293	0.0003107476408636
rsYCR039C	3	199546	0.0003107476408636
rsYCR038C	3	197621	0.0005225912315753
rsYOR390W	15	1076784	0.0002853645050079
rsYCR038C	3	197621	0.0001347531391071
rsYCR038W-A	3	199293	0.0001517066774079
rsYCR039C	3	199546	0.0001517066774079
rsYAL068C	1	1807	0.0001504269502897
rsYIL177C	9	483	0.0007137911741274
rsYHR219W	8	560173	0.0003474235715914
rsYHR219C-A	8	561199	0.0003474235715914
rsYHR214C-E	8	551200	0.0003798494324922
rsYHR214C-D	8	550648	0.0003798494324922
rsYMR326C	13	923494	0.000212198882404
rsYEL077W-A	5	630	0.0002679715097997
rsYBR297W	2	800523	0.0006168803429566
rsYOR390W	15	1076784	2.92825983641367e-06
rsYOR389W	15	1074213	5.28189301537136e-06
rsYOR388C	15	1071793	1.29900036833629e-05
rsYOR394W	15	1082718	7.80592780708273e-05
rsYOR393W	15	1080276	0.0001598834025558
rsYOR394C-A	15	1084202	0.0004257755015703
rsYCR107W	3	313890	0.0003137465787501
rsYHL050C	8	445	0.0006199578575454
rsYMR317W	13	907364	0.0002479767502575
rsYMR316C-B	13	907321	0.0006096147279224
rsYIR020C	9	394255	0.0001782588398304
rsYIR021W-A	9	398514	0.0005670433061033
rsYIR022W	9	398733	0.0005670433061033
rsYIR023W	9	399777	0.0005670433061033
rsYIR020C-B	9	397215	0.0005670433061033
rsYIR020W-A	9	394917	0.0005670433061033
rsYIR021W	9	397294	0.0005670433061033
rsYIR020C	9	394255	0.0008297918753317
rsYEL077C	5	264	3.40983988062766e-05
rsYEL076C	5	4464	3.40983988062766e-05
rsYEL076C-A	5	4185	3.40983988062766e-05
rsYEL075W-A	5	4870	3.40983988062766e-05
rsYHR052W	8	210848	0.0002452517915416
rsYBR302C	2	810340	4.57462471826961e-06
rsYMR326C	13	923494	0.0007241631380708
rsYPR203W	16	943880	0.0007613236193885
rsYMR326C	13	923494	3.47886422443332e-05
rsYMR325W	13	922641	0.0004335610692713
rsYHR218W-A	8	559932	0.0001516534414447
rsYJR150C	10	708811	0.0001055064676731
rsYLR410W	12	937541	0.0009460357317467
rsYIR021W-A	9	398514	6.79970808050027e-05
rsYIR021W	9	397294	6.79970808050027e-05
rsYIR022W	9	398733	6.79970808050027e-05
rsYIR020C-B	9	397215	6.79970808050027e-05
rsYIR020W-A	9	394917	6.79970808050027e-05
rsYIR023W	9	399777	6.79970808050027e-05
rsYIR020C	9	394255	0.0001102444907177
rsYDL037C	4	384601	2.9783709144471e-05
rsYDL039C	4	381985	0.0001604254454537
rsYHR052W	8	210848	0.0005430907565282
rsYBR297W	2	800523	0.0006125278834927
rsYHR218W-A	8	559932	0.0004398694467247
rsYHR219C-A	8	561199	0.0005788265092991
rsYHR219W	8	560173	0.0005788265092991
rsYML133W-A	13	1610	0.0001504914691165
rsYML133W-B	13	827	0.0003119651804599
rsYML133C	13	461	0.0003514605841456
rsYCR106W	3	310958	0.0004228065169074
rsYCR105W	3	309070	0.0004228065169074
rsYNR067C	14	755746	0.000698312653499
rsYIR020C	9	394255	5.38336942588131e-07
rsYIR021W-A	9	398514	9.01912710805268e-05
rsYIR023W	9	399777	9.01912710805268e-05
rsYIR020C-B	9	397215	9.01912710805268e-05
rsYIR022W	9	398733	9.01912710805268e-05
rsYIR021W	9	397294	9.01912710805268e-05
rsYIR020W-A	9	394917	9.01912710805268e-05
rsYJL225W-A	10	829	0.0004375369623758
rsYIL177W-A	9	846	0.0005793466262749
rsYPL282C	16	7933	2.09765606803157e-05
rsYPL281C	16	9557	4.57303217599382e-05
rsYJL214W	10	26887	0.0004345919436637
rsYOR390W	15	1076784	0.0001279805548901
rsYLL067W-A	12	843	0.0005594716866933
rsYJR150C	10	708811	3.77601521038524e-05
rsYBR297W	2	800523	0.0003296349361418
rsYAL066W	1	10091	5.99978869510905e-05
rsYAL067C	1	7235	5.99978869510905e-05
rsYIL177W-A	9	846	0.0002787027684281
rsYMR326C	13	923494	0.0005618411568599
rsYEL077W-A	5	630	0.0002759391580127
rsYHL050W-A	8	811	0.0003451937987093
rsYHR052W	8	210848	0.0005685292190417
rsYJL225W-A	10	829	7.15691619267846e-05
rsYCR038C	3	197621	0.0001527935316756
rsYCR038W-A	3	199293	0.0002134030167525
rsYCR039C	3	199546	0.0002134030167525
rsYJR154W	10	725784	0.0001845680698251
rsYAR030C	1	186512	0.000561034043315
rsYPR204W	16	944603	4.17750393018321e-05
rsYPR203W	16	943880	9.60996939298059e-05
rsYPR204C-A	16	946856	0.0004654384798424
rsYIL177C	9	483	0.0008267786792207
rsYCR097W	3	293835	0.0008469806713764
rsYEL077W-A	5	630	0.0003153750307312
rsYMR172C-A	13	607828	0.0001794941722378
rsYOR389W	15	1074213	0.0004764151017584
rsYDR150W	4	755628	0.0002183263871296
rsYJR150C	10	708811	0.0005549256009134
rsYBR299W	2	805351	0.0003478548542277
rsYBR298C-A	2	805035	0.0003478548542277
rsYBR300C	2	808600	4.32775787895515e-05
rsYBR301W	2	809057	4.32775787895515e-05
rsYBR299W	2	805351	0.0003982089480297
rsYBR298C-A	2	805035	0.0003982089480297
rsYBR298C	2	802631	0.0006068142557281
rsYNR067C	14	755746	7.12843434479885e-05
rsYPR203W	16	943880	0.0003805057169659
rsYPR204C-A	16	946856	0.0004997495995326
rsYDL037C	4	384601	0.0002086434787563
rsYDL039C	4	381985	0.0002800931800792
rsYIR020C	9	394255	0.0002084303710951
rsYIR021W	9	397294	0.0002845931292829
rsYIR020W-A	9	394917	0.0002845931292829
rsYIR022W	9	398733	0.0002845931292829
rsYIR020C-B	9	397215	0.0002845931292829
rsYIR023W	9	399777	0.0002845931292829
rsYIR021W-A	9	398514	0.0002845931292829
rsYIL177C	9	483	0.0002574940790807
rsYKR102W	11	646356	0.0001557979313158
rsYPR204W	16	944603	8.11605696172966e-05
rsYBR297W	2	800523	3.22804863233638e-05
rsYBR298C-A	2	805035	0.0007222389278583
rsYBR299W	2	805351	0.0007222389278583
rsYIL177W-A	9	846	7.50191983539297e-06
rsYLL067W-A	12	843	0.0002482041583787
rsYBR302C	2	810340	8.47903106944502e-05
rsYIR020C	9	394255	0.0001707299054276
rsYIL161W	9	39433	0.0002612263403844
rsYIL163C	9	36899	0.0006382753894861
rsYIL162W	9	37385	0.0006382753894861
rsYOR390W	15	1076784	0.0005977992149388
rsYNL017C	14	602138	0.0007919058330302
rsYHR218W-A	8	559932	0.0001448319977557
rsYHR218W	8	558014	0.0001868339619187
rsYHR219W	8	560173	0.0002515876346519
rsYHR219C-A	8	561199	0.0002515876346519
rsYHR218W-A	8	559932	0.0004695456216439
rsYDR210W-A	4	872112	2.27821300618283e-05
rsYLL052C	12	35912	0.0002418557220975
rsYLL053C	12	35503	0.0002418557220975
rsYDR037W	4	525440	0.0002553811234187
rsYPR194C	16	924304	0.0001553627440581
rsYBL107C	2	9961	0.0002975341472432
rsYOR396W	15	1085473	0.0003148216522346
rsYKR102W	11	646356	0.0004612912392895
rsYPR204W	16	944603	2.08083690248681e-05
rsYPR204C-A	16	946856	0.0002577676767388
rsYPR203W	16	943880	0.0001538447714871
rsYPR204W	16	944603	0.0003887607832267
rsYPR202W	16	943032	0.0004894911425871
rsYOR389W	15	1074213	0.000221213765508
rsYOR388C	15	1071793	0.0003559902270407
rsYHR213W-A	8	540549	0.0003602310376899
rsYPR196W	16	931376	6.30645125939146e-05
rsYHL050W-A	8	811	0.0006739999289908
rsYPR203W	16	943880	8.96321447942683e-05
rsYPR204W	16	944603	0.0001132053097622
rsYJR154W	10	725784	5.05918887268963e-05
rsYDR150W	4	755628	0.0003275293137913
rsYCL067C	3	12386	0.0001618038361656
rsYCL069W	3	9706	0.0002698027006564
rsYCL076W	3	1392	0.000427451892455
rsYCL068C	3	11503	0.000508505121107
rsYOR389W	15	1074213	8.88489998634781e-05
rsYIL177W-A	9	846	0.0002145237053531
rsYMR325W	13	922641	1.51768716971556e-05
rsYMR326C	13	923494	0.0001456035754437
rsYIL177W-A	9	846	0.0002608728693221
rsYDR037W	4	525440	0.0005210708458412
rsYHR219C-A	8	561199	0.000116439990358
rsYHR219W	8	560173	0.000116439990358
rsYHR218W-A	8	559932	0.0003703361561931
rsYIR038C	9	423809	0.0004786791061836
rsYIR037W	9	423128	0.0004786791061836
rsYIR034C	9	419615	0.0004786791061836
rsYIR035C	9	421026	0.0004786791061836
rsYIR036C	9	422074	0.0004786791061836
rsYIR036W-A	9	422635	0.0004786791061836
rsYIR020C	9	394255	0.0002657622689052
rsYJL214W	10	26887	0.0001440005435723
rsYJL215C	10	26412	0.0002792271461203
rsYPL283C	16	280	0.0001873610251029
rsYAR068W	1	222406	0.0005315411814539
rsYAR064W	1	220198	0.0005315411814539
rsYAR069C	1	224011	0.0005315411814539
rsYAR066W	1	221049	0.0005315411814539
rsYAR070C	1	224563	0.0005315411814539
rsYAL068W-A	1	538	0.000584640739473
rsYAL069W	1	335	0.000584640739473
rsYIR021W	9	397294	0.0003950729612517
rsYIR020C-B	9	397215	0.0003950729612517
rsYIR022W	9	398733	0.0003950729612517
rsYIR021W-A	9	398514	0.0003950729612517
rsYIR023W	9	399777	0.0003950729612517
rsYIR020W-A	9	394917	0.0003950729612517
rsYEL071W	5	16355	8.63184408798966e-05
rsYEL072W	5	13720	0.0001224716253989
rsYHR213W-B	8	540800	0.0002836247627546
rsYHR213W-A	8	540549	0.0002914718587449
rsYHR217C	8	556581	0.0003198166654691
rsYPR204C-A	16	946856	0.0001641111394679
rsYPR204W	16	944603	0.0003531779312161
rsYBR297W	2	800523	0.0005511313643211
rsYPR203W	16	943880	0.0009050636682482
rsYMR326C	13	923494	3.35161423339865e-05
rsYMR325W	13	922641	0.0001386614153037
rsYJR154W	10	725784	0.0005230231674995
rsYPR204C-A	16	946856	0.0009668197717882
rsYKL220C	11	9091	0.0007451199180855
rsYKL221W	11	6107	0.0007451199180855
rsYPL282C	16	7933	0.0003715627837791
rsYMR325W	13	922641	1.15879162566066e-06
rsYMR326C	13	923494	5.67901951638592e-05
rsYPR203W	16	943880	1.4613824630026e-05
rsYPR204W	16	944603	1.99927873452714e-05
rsYJL215C	10	26412	2.44027634780447e-05
rsYJL214W	10	26887	3.26650514622841e-05
rsYEL070W	5	19589	0.0002612522261749
rsYBR301W	2	809057	9.20436609011006e-05
rsYBR300C	2	808600	9.20436609011006e-05
rsYNL331C	14	16118	0.0005839780872892
rsYIR020C	9	394255	2.2228579752131e-05
rsYIR021W	9	397294	7.6543590653206e-05
rsYIR020W-A	9	394917	7.6543590653206e-05
rsYIR020C-B	9	397215	7.6543590653206e-05
rsYIR021W-A	9	398514	7.6543590653206e-05
rsYIR022W	9	398733	7.6543590653206e-05
rsYIR023W	9	399777	7.6543590653206e-05
rsYBR302C	2	810340	0.0002083528184207
rsYIR022W	9	398733	2.40366568197438e-05
rsYIR023W	9	399777	2.40366568197438e-05
rsYIR021W	9	397294	2.40366568197438e-05
rsYIR021W-A	9	398514	2.40366568197438e-05
rsYIR020W-A	9	394917	2.40366568197438e-05
rsYIR020C-B	9	397215	2.40366568197438e-05
rsYIR020C	9	394255	2.48553036006471e-05
rsYPR203W	16	943880	0.0002257941335977
rsYPR204W	16	944603	0.0003326486642436
rsYIL177C	9	483	0.0003302702001723
rsYHR215W	8	552099	0.0004344954563985
rsYIR020C	9	394255	9.00894221318335e-06
rsYIR020W-A	9	394917	1.73044663316656e-05
rsYIR021W	9	397294	1.73044663316656e-05
rsYIR021W-A	9	398514	1.73044663316656e-05
rsYIR022W	9	398733	1.73044663316656e-05
rsYIR020C-B	9	397215	1.73044663316656e-05
rsYIR023W	9	399777	1.73044663316656e-05
rsYJR150C	10	708811	0.0002657085531338
rsYAR035W	1	190193	0.0002523217791732
rsYCR106W	3	310958	0.0004166624701958
rsYCR105W	3	309070	0.0004166624701958
rsYHL049C	8	3726	0.00059727819666
rsYHR052W	8	210848	0.0004824339818639
rsYPL274W	16	22938	0.0003223846804747
rsYPL273W	16	25087	0.0003223846804747
rsYHR213W-A	8	540549	0.0001720843790157
rsYNR071C	14	770440	0.0001624942888367
rsYNR069C	14	761123	0.0003437809862494
rsYNR068C	14	760067	0.0003437809862494
rsYNR070W	14	765375	0.0005070391876903
rsYBR298C	2	802631	8.868004186405e-06
rsYBR301W	2	809057	1.43647226188441e-05
rsYBR300C	2	808600	1.43647226188441e-05
rsYBR299W	2	805351	1.95487635746672e-05
rsYBR298C-A	2	805035	1.95487635746672e-05
rsYBR302C	2	810340	5.1179811273611e-06
rsYBR297W	2	800523	0.0007727439745199
rsYPL274W	16	22938	5.89809720058111e-05
rsYPL273W	16	25087	5.89809720058111e-05
rsYIL177C	9	483	0.0001031521397221
rsYHL014C	8	76097	0.0002180344603443
rsYLL021W	12	100947	0.000655202313946
rsYAR071W	1	225460	2.6086722486117e-05
rsYAR064W	1	220198	7.2364568393242e-05
rsYAR069C	1	224011	7.2364568393242e-05
rsYAR070C	1	224563	7.2364568393242e-05
rsYAR066W	1	221049	7.2364568393242e-05
rsYAR068W	1	222406	7.2364568393242e-05
rsYMR325W	13	922641	0.0003753642428084
rsYOR394C-A	15	1084202	0.000100952872044
rsYOR396W	15	1085473	0.000235022985639
rsYJR154W	10	725784	5.74486919134729e-05
rsYCR096C	3	293179	0.000619076531316
rsYCR097W-A	3	294439	0.0007316596225266
rsYDR210W-A	4	872112	0.0006445695193681
rsYNL017C	14	602138	0.0001643003849335
rsYIL177W-A	9	846	0.0001067820553057
rsYAR071W	1	225460	3.30783407727126e-05
rsYAR066W	1	221049	3.67056498530903e-05
rsYAR064W	1	220198	3.67056498530903e-05
rsYAR069C	1	224011	3.67056498530903e-05
rsYAR070C	1	224563	3.67056498530903e-05
rsYAR068W	1	222406	3.67056498530903e-05
rsYJR154W	10	725784	0.0002092215986138
rsYJR150C	10	708811	0.0002154227399679
rsYCR106W	3	310958	3.93887572222502e-05
rsYCR105W	3	309070	3.93887572222502e-05
rsYEL070W	5	19589	0.0001810757248381
rsYBR302C	2	810340	5.97252815499257e-06
rsYBR297W	2	800523	8.95499035687431e-05
rsYCR039C	3	199546	0.0001836953966002
rsYCR038W-A	3	199293	0.0001836953966002
rsYCR038C	3	197621	0.0002909753598837
rsYJL225W-A	10	829	0.0002714914749201
rsYIL177C	9	483	7.14405892847963e-05
rsYJR156C	10	728574	0.0001293279234839
rsYIL177W-A	9	846	0.0010355888744576
rsYMR325W	13	922641	0.0001557566056479
rsYMR326C	13	923494	0.0004650486365123
rsYIR020C	9	394255	0.0001183738014379
rsYNL339C	14	371	0.0004638202036448
rsYIR021W	9	397294	0.0007842638417827
rsYIR023W	9	399777	0.0007842638417827
rsYIR020W-A	9	394917	0.0007842638417827
rsYIR022W	9	398733	0.0007842638417827
rsYIR020C-B	9	397215	0.0007842638417827
rsYIR021W-A	9	398514	0.0007842638417827
rsYMR326C	13	923494	0.0007994383713722
rsYJL215C	10	26412	0.0002512183059258
rsYJL214W	10	26887	0.0005233706524809
rsYML133C	13	461	0.0006367186558464
rsYJR150C	10	708811	0.0003007617755059
rsYML132W	13	7244	0.0002352151584698
rsYOL160W	15	14313	1.28736234249273e-05
rsYOL159C-A	15	15233	1.79320976451491e-05
rsYBR302C	2	810340	8.58629090751402e-05
rsYJR150C	10	708811	8.80435208977226e-07
rsYOR343W-A	15	970578	0.0009447707615119
rsYIL177W-A	9	846	4.27217033551516e-06
rsYNR070W	14	765375	0.0004088723211242
rsYNR066C	14	753725	0.0004561417866029
rsYNR068C	14	760067	0.0005570475311141
rsYNR069C	14	761123	0.0005570475311141
rsYOR392W	15	1079282	9.37793975712778e-05
rsYOR391C	15	1078545	0.0001019596079748
rsYJR154W	10	725784	0.0005894507635988
rsYJR150C	10	708811	0.0006976111393771
rsYBR297W	2	800523	0.0006019010432582
rsYPL282C	16	7933	4.26584007811595e-05
rsYPL281C	16	9557	0.0001618414579803
rsYDR037W	4	525440	0.0005422542083428
rsYBR297W	2	800523	2.07559865020848e-06
rsYBR298C-A	2	805035	2.03690169060612e-05
rsYBR299W	2	805351	2.03690169060614e-05
rsYBR300C	2	808600	4.12813398837014e-05
rsYBR301W	2	809057	4.12813398837014e-05
rsYBR298C	2	802631	0.0001627055246884
rsYBR302C	2	810340	0.0004317053461269
rsYFL055W	6	17004	0.0004695571156831
rsYAR030C	1	186512	0.0006643362023411
rsYHR219W	8	560173	5.08456394237496e-05
rsYHR219C-A	8	561199	5.08456394237496e-05
rsYHR218W	8	558014	0.0001339133203156
rsYHR218W-A	8	559932	0.0002515706724697
rsYKL149C	11	167612	0.0006003397506874
rsYKL148C	11	169207	0.0006003397506874
rsYCR107W	3	313890	0.000112359673214
rsYPR200C	16	939279	0.0001667015066993
rsYPR199C	16	938148	0.0001667015066993
rsYPR201W	16	939922	0.0002242413539891
rsYHR214W	8	541651	0.0003506242397255
rsYBR302C	2	810340	0.0003216377039328
rsYLL067W-A	12	843	0.000449381071701
rsYJL215C	10	26412	0.0003064029170801
rsYJL214W	10	26887	0.0006919022209405
rsYCL069W	3	9706	0.0007343173859252
rsYDL037C	4	384601	0.0007819536910659
rsYMR325W	13	922641	1.21152010284857e-06
rsYMR326C	13	923494	6.14760423209742e-05
rsYMR325W	13	922641	0.0001394233056758
rsYBL107C	2	9961	2.84360916668829e-05
rsYBL107W-A	2	9268	8.68348969483484e-05
rsYKL220C	11	9091	0.0006375735746169
rsYKL221W	11	6107	0.0006375735746169
rsYLL021W	12	100947	0.000129388876502
rsYAL068C	1	1807	0.0004056256591975
rsYMR326C	13	923494	0.000101260991968
rsYMR325W	13	922641	0.0001834776761608
rsYNR066C	14	753725	0.0004062288338664
rsYJR162C	10	744911	2.31340164911877e-05
rsYHR218W-A	8	559932	8.94772193248308e-05
rsYHR218W	8	558014	0.0001167424428901
rsYHR219W	8	560173	0.0001552813598322
rsYHR219C-A	8	561199	0.0001552813598322
rsYMR317W	13	907364	0.0007731435579945
rsYDR170W-A	4	803195	0.0002386311513595
rsYDR210W-A	4	872112	0.0004538022692995
rsYIL161W	9	39433	0.0003170009861288
rsYCR089W	3	267434	0.0001766722181238
rsYCR106W	3	310958	0.0004217203445646
rsYCR105W	3	309070	0.0004217203445646
rsYMR325W	13	922641	9.1410428296839e-05
rsYDR037W	4	525440	0.00067083292385
rsYBL107C	2	9961	0.000474886745014
rsYMR325W	13	922641	0.0009083042631006
rsYMR325W	13	922641	0.0002931071042044
rsYMR326C	13	923494	0.0006891685490862
rsYBR302C	2	810340	1.9510578430915e-05
rsYHR219W	8	560173	0.000243836192789
rsYHR219C-A	8	561199	0.000243836192789
rsYHR219C-A	8	561199	8.96365436183323e-05
rsYHR219W	8	560173	8.96365436183323e-05
rsYHR213W-A	8	540549	0.0002850862131333
rsYOR387C	15	1069621	0.0002265035251174
rsYNR070W	14	765375	0.0001062162165739
rsYNR068C	14	760067	0.0002033607309041
rsYNR069C	14	761123	0.0002033607309041
rsYHR213W-A	8	540549	6.80959634480825e-05
rsYHR213W-B	8	540800	0.0002003739674886
rsYKR014C	11	465367	0.0002972283792823
rsYKR013W	11	463959	0.0002972283792823
rsYGR137W	7	762888	0.0006071216757105
rsYCR039C	3	199546	0.0006466943860103
rsYCR038W-A	3	199293	0.0006466943860103
rsYPR203W	16	943880	0.000893630525936
rsYCR038C	3	197621	0.0009456602409325
rsYDR420W	4	1306267	0.0004393321097216
rsYIL177W-A	9	846	5.08086053340468e-05
rsYIL177C	9	483	0.0002278252507829
rsYJL215C	10	26412	0.0003920653755968
rsYJL214W	10	26887	0.0006600903701765
rsYHR052W	8	210848	0.0001764979812956
rsYNR066C	14	753725	1.28741309866994e-05
rsYMR326C	13	923494	0.0002493844653558
rsYNR067C	14	755746	0.0007984368597528
rsYHR218W-A	8	559932	1.24547538651303e-05
rsYHR219W	8	560173	1.35312598048477e-05
rsYHR219C-A	8	561199	1.35312598048477e-05
rsYHR218W	8	558014	5.19517166275138e-05
rsYIL177W-A	9	846	0.0003050219736227
rsYBR297W	2	800523	0.0002145720466479
rsYPR204C-A	16	946856	3.13203036113425e-05
rsYPL283W-A	16	1426	0.0002257199610129
rsYPR203W	16	943880	0.0002279104133755
rsYPR202W	16	943032	0.0005121807196592
rsYPL283C	16	280	0.0005836584434986
rsYPR196W	16	931376	0.0002092379973655
rsYHR216W	8	554396	0.0005487795946076
rsYJR154W	10	725784	6.19564989109388e-06
rsYBR297W	2	800523	0.0003916419551445
rsYJR150C	10	708811	0.0004637080197141
rsYMR316C-B	13	907321	0.0002915181981367
rsYOR396W	15	1085473	5.59605731836531e-05
rsYOR394W	15	1082718	0.0001174936281018
rsYOR393W	15	1080276	0.0001331129951382
rsYOR394C-A	15	1084202	0.0002830637808176
rsYHL050C	8	445	0.0001726208020704
rsYHL049C	8	3726	0.0002150368113876
rsYHR052W	8	210848	0.0001807505516172
rsYML133W-A	13	1610	0.0003077916271347
rsYML133C	13	461	0.0003735091436952
rsYJR162C	10	744911	0.00027057003536
rsYIL177W-A	9	846	0.0005838806425149
rsYHR218W-A	8	559932	7.8443436775009e-05
rsYHR219C-A	8	561199	0.0001284686617011
rsYHR219W	8	560173	0.0001284686617011
rsYHR214C-E	8	551200	0.0001347894380282
rsYHR214C-D	8	550648	0.0001347894380282
rsYHR218W	8	558014	0.0001686404950086
rsYHR217C	8	556581	0.0002085021565758
rsYNL339C	14	371	0.0009985210269788
rsYNL336W	14	8330	0.0011146468575018
rsYCL066W	3	13282	0.0002313695296203
rsYCL065W	3	13751	0.0002313695296203
rsYCL076W	3	1392	0.0002920559507847
rsYCL067C	3	12386	0.0003619422535698
rsYCL069W	3	9706	0.0004689708721013
rsYCL068C	3	11503	0.000534861196636
rsYPL282C	16	7933	0.0004341196696252
rsYAR029W	1	186321	4.75401521952976e-05
rsYIL177C	9	483	0.0002302523228951
rsYPR204W	16	944603	0.0005699349851541
rsYOR389W	15	1074213	0.0009549206126359
rsYDL037C	4	384601	1.82546785010525e-06
rsYDL039C	4	381985	9.33902639621311e-06
rsYMR172C-A	13	607828	0.0004275797308677
rsYJL215C	10	26412	3.97811268428278e-06
rsYJL214W	10	26887	4.32822868111988e-06
rsYBR302C	2	810340	0.0001480961180344
rsYBR297W	2	800523	0.0002481597292631
rsYPL274W	16	22938	1.32275200733735e-05
rsYPL273W	16	25087	1.32275200733735e-05
rsYJR161C	10	742848	0.0006432546662341
rsYMR172C-A	13	607828	0.0002294078096962
rsYBR297W	2	800523	3.63196405005254e-05
rsYBR302C	2	810340	0.000647101303957
rsYOR389W	15	1074213	0.0006788367663461
rsYBR299W	2	805351	3.71172579762985e-05
rsYBR298C-A	2	805035	3.71172579762985e-05
rsYHR219C-A	8	561199	0.0001379194931827
rsYHR219W	8	560173	0.0001379194931827
rsYJR154W	10	725784	4.06873060250582e-05
rsYEL070W	5	19589	0.0006163509718219
rsYIR019C	9	389572	0.0003377091992706
rsYBR297W	2	800523	0.0001608672845095
rsYJR154W	10	725784	0.0002241254394752
rsYBR297W	2	800523	0.0003353481781145
rsYBR302C	2	810340	0.0006057473524485
rsYJR162C	10	744911	0.0006345930552825
rsYGR137W	7	762888	9.56860600138864e-06
rsYHR214W	8	541651	0.0002306768667798
rsYHR213W-B	8	540800	0.0005667662359518
rsYAR029W	1	186321	0.0001453807759978
rsYHR213W-A	8	540549	0.0005060157739424
rsYHR218W-A	8	559932	9.81355552673415e-05
rsYHR218W	8	558014	0.000177193166979
rsYHR219C-A	8	561199	0.0002348936388088
rsYHR219W	8	560173	0.0002348936388088
rsYIL177W-A	9	846	0.000402501198418
rsYPR192W	16	921860	3.95189944352137e-07
rsYPR193C	16	922909	5.48097518481437e-07
rsYPR195C	16	927965	6.71310069563729e-06
rsYPR194C	16	924304	0.0002574252295683
rsYBR302C	2	810340	0.0002159118711216
rsYLR410W	12	937541	0.0002550745733462
rsYJR162C	10	744911	2.87151828977025e-05
rsYNR066C	14	753725	1.05850002074351e-05
rsYNR067C	14	755746	0.0001795651078553
rsYHR217C	8	556581	0.0007616102219513
rsYCR105W	3	309070	0.0004778976610406
rsYCR106W	3	310958	0.0004778976610406
rsYDL037C	4	384601	0.0001253688262723
rsYNL337W	14	7165	0.0001707595011822
rsYNL338W	14	6561	0.0001925767937359
rsYEL072W	5	13720	0.0003306861578211
rsYEL071W	5	16355	0.0004936906771153
rsYIL177W-A	9	846	1.26823391090439e-06
rsYIL177C	9	483	0.0001013461043174
rsYJL225W-A	10	829	0.0001421164059189
rsYHR218W	8	558014	0.0007063905510715
rsYHR218W-A	8	559932	0.0007504252866658
rsYJL225W-A	10	829	0.0005156271899781
rsYPL281C	16	9557	4.99822633495804e-05
rsYPL280W	16	11887	0.0002003609225333
rsYPL282C	16	7933	0.0003807607743215
rsYOR388C	15	1071793	0.000745309203942
rsYIL177C	9	483	0.0006110581388306
rsYIL161W	9	39433	0.0006819686022127
rsYCR106W	3	310958	0.0004618408181032
rsYCR105W	3	309070	0.0004618408181032
rsYKL149C	11	167612	7.22564648527557e-05
rsYKL148C	11	169207	7.22564648527557e-05
rsYHR219W	8	560173	4.55109207654058e-05
rsYHR219C-A	8	561199	4.55109207654058e-05
rsYHR218W-A	8	559932	4.59681671076979e-05
rsYHR218W	8	558014	0.0001236250116994
rsYIR020C	9	394255	5.91565891824919e-06
rsYPL282C	16	7933	9.10193684440637e-06
rsYPL281C	16	9557	8.36914618592629e-05
rsYNL333W	14	13267	0.0001558208451293
rsYJR150C	10	708811	0.0002188954957332
rsYMR174C	13	610159	0.0003684524084694
rsYCR107W	3	313890	0.0003908417854577
rsYIL177W-A	9	846	0.0001330252366896
rsYHR219C-A	8	561199	7.33783119387393e-05
rsYHR219W	8	560173	7.33783119387393e-05
rsYHR218W-A	8	559932	0.0001496189608559
rsYPR196W	16	931376	0.0001198339416745
rsYNR071C	14	770440	0.0004097597000081
rsYCR089W	3	267434	0.0002038317696063
rsYJR150C	10	708811	0.000825783439212
rsYHR218W-A	8	559932	0.0001068315543181
rsYHR213W-B	8	540800	0.0001170577186157
rsYHR219W	8	560173	0.0002022540187699
rsYHR219C-A	8	561199	0.0002022540187699
rsYHR218W	8	558014	0.0002698906298862
rsYBR298C	2	802631	8.99294596666187e-05
rsYBR302C	2	810340	0.000290033819607
rsYBR299W	2	805351	0.0005407746456046
rsYBR298C-A	2	805035	0.0005407746456046
rsYMR325W	13	922641	0.0006572524730444
rsYIR020C	9	394255	7.36207828357871e-05
rsYIR023W	9	399777	0.0001352510941289
rsYIR020C-B	9	397215	0.0001352510941289
rsYIR021W	9	397294	0.0001352510941289
rsYIR021W-A	9	398514	0.0001352510941289
rsYIR020W-A	9	394917	0.0001352510941289
rsYIR022W	9	398733	0.0001352510941289
rsYPL282C	16	7933	0.0003851360755662
rsYBR297W	2	800523	0.0002591494998927
rsYDR150W	4	755628	0.0002676947963996
rsYHR218W	8	558014	0.0004283329402237
rsYHR219C-A	8	561199	0.0006520957901129
rsYHR219W	8	560173	0.0006520957901129
rsYPR192W	16	921860	3.06419127367666e-05
rsYPR199C	16	938148	7.28734730178643e-05
rsYPR200C	16	939279	7.28734730178643e-05
rsYPR201W	16	939922	7.53130424998265e-05
rsYPR193C	16	922909	7.71289289212309e-05
rsYPR198W	16	934034	1.30458075903258e-07
rsYPR197C	16	933898	4.63112585991698e-07
rsYPR200C	16	939279	1.67565957364285e-06
rsYPR199C	16	938148	1.67565957364285e-06
rsYPR201W	16	939922	2.05242427464955e-06
rsYPR195C	16	927965	0.0001250300844996
rsYPR192W	16	921860	0.000449568050769
rsYPR193C	16	922909	0.0005260960555626
