SNP	CHR	BP	P
1461_INS_chromosome4_981170_len_1901_TyRelated	4	981170	0.0002747177367793
1307_DEL_chromosome4_628742_len_-133	4	628742	0.0001338970659528
4115_INS_chromosome10_729995_len_5443	10	729995	0.0003217325736823
1889_INS_chromosome5_207344_len_340_TyRelated	5	207344	0.0006404475817276
5188_INS_chromosome13_480881_len_330	13	480881	0.0002026765212749
5040_DEL_chromosome13_168348_len_-334_TyRelated	13	168348	0.0006133618554785
5107_INS_chromosome13_321292_len_329_TyRelated	13	321292	0.0004672698885707
2936_INS_chromosome7_1076129_len_11750	7	1076129	7.43086128073143e-05
5314_DEL_chromosome13_808536_len_-371_TyRelated	13	808536	0.0003299295976188
3349_DEL_chromosome8_556716_len_-5740	8	556716	0.0003932988892698
5954_INS_chromosome15_487424_len_338_TyRelated	15	487424	7.1108753796291e-05
3262_INS_chromosome8_525463_len_324	8	525463	8.61588883424846e-05
3895_INS_chromosome10_354639_len_330_TyRelated	10	354639	0.0002306549593346
1827_DEL_chromosome5_135608_len_-332_TyRelated	5	135608	8.74045197302167e-05
4706_DEL_chromosome12_489480_len_-273	12	489480	3.32335063206281e-05
1231_DEL_chromosome4_513258_len_-325	4	513258	0.0002569909453629
3618_DEL_chromosome9_382842_len_-95	9	382842	0.000734549931339
1076_CONTR_chromosome4_137861_len_74	4	137861	0.0001445722926837
1231_DEL_chromosome4_513258_len_-325	4	513258	0.0008286098993941
2639_INS_chromosome7_561752_len_339_TyRelated	7	561752	0.0003404940982966
1231_DEL_chromosome4_513258_len_-325	4	513258	0.000208614038388
3510_DEL_chromosome9_196653_len_-371_TyRelated	9	196653	7.32927670967277e-05
6099_DEL_chromosome15_970285_len_-5975_TyRelated	15	970285	1.98513289587969e-05
3920_INS_chromosome10_374892_len_368_TyRelated	10	374892	0.000479832288832
3668_DEL_chromosome9_392253_len_-602	9	392253	0.0002118354153384
1119_DEL_chromosome4_383482_len_-425	4	383482	0.0008627230924209
5539_INS_chromosome14_561443_len_328_TyRelated	14	561443	9.1164982354623e-06
1652_INS_chromosome4_1461841_len_329_TyRelated	4	1461841	0.0004300749863608
4943_INS_chromosome12_1062080_len_270	12	1062080	0.0005566031198391
3049_INS_chromosome8_133119_len_337_TyRelated	8	133119	0.0004266752911422
904_DUP_chromosome3_269958_len_127	3	269958	0.0001559890254877
3323_DEL_chromosome8_543610_len_-6028_TyRelated	8	543610	0.0001706624502279
1231_DEL_chromosome4_513258_len_-325	4	513258	0.0001506989158053
3071_DEL_chromosome8_146330_len_-342_TyRelated	8	146330	0.00014744060574
1119_DEL_chromosome4_383482_len_-425	4	383482	0.0002206066618982
4876_INS_chromosome12_818474_len_329_TyRelated	12	818474	0.0007805062255253
1827_DEL_chromosome5_135608_len_-332_TyRelated	5	135608	0.0005827875388245
1231_DEL_chromosome4_513258_len_-325	4	513258	5.38605510478039e-05
1146_INS_chromosome4_384494_len_244	4	384494	0.0005234066228909
1977_DEL_chromosome5_434630_len_-342_TyRelated	5	434630	7.22824401314419e-05
531_DEL_chromosome2_429115_len_-389	2	429115	0.0004135737110477
4706_DEL_chromosome12_489480_len_-273	12	489480	0.0001114209148982
4374_DEL_chromosome11_517455_len_-330_TyRelated	11	517455	0.0001613382290058
3049_INS_chromosome8_133119_len_337_TyRelated	8	133119	0.0004228340180965
3547_DEL_chromosome9_246219_len_-334_TyRelated	9	246219	0.0005985900962103
5954_INS_chromosome15_487424_len_338_TyRelated	15	487424	0.0001179177551552
1231_DEL_chromosome4_513258_len_-325	4	513258	0.0002865469777662
4912_INS_chromosome12_976257_len_137	12	976257	0.0006296457665912
1968_DEL_chromosome5_431489_len_-334_TyRelated	5	431489	6.04761623086393e-05
5838_INS_chromosome15_227137_len_329_TyRelated	15	227137	0.0002978250240304
779_INS_chromosome3_90843_len_338_TyRelated	3	90843	0.0002543712400597
3559_DUP_chromosome9_300429_len_255	9	300429	0.0005233711338562
2932_DEL_chromosome7_1072906_len_-202	7	1072906	0.0005045045815207
4548_INS_chromosome12_150537_len_224	12	150537	0.0001829935010296
4044_DEL_chromosome10_541094_len_-334_TyRelated	10	541094	0.0002242926721522
1231_DEL_chromosome4_513258_len_-325	4	513258	0.0003356729961738
6236_DEL_chromosome16_56788_len_-5929_TyRelated	16	56788	8.77579609078448e-05
1231_DEL_chromosome4_513258_len_-325	4	513258	0.0002226128481191
2065_DEL_chromosome5_487833_len_-333_TyRelated	5	487833	0.0001447899411623
3323_DEL_chromosome8_543610_len_-6028_TyRelated	8	543610	0.0004019742177686
2778_INS_chromosome7_779330_len_327_TyRelated	7	779330	0.0004802854135463
942_INS_chromosome3_295361_len_329_TyRelated	3	295361	0.0003091761280741
1977_DEL_chromosome5_434630_len_-342_TyRelated	5	434630	9.91790338796795e-05
3641_DEL_chromosome9_390980_len_-124	9	390980	0.0003239267592673
2291_CONTR_chromosome6_178166_len_141	6	178166	0.0001400386583641
3579_INS_chromosome9_324686_len_329_TyRelated	9	324686	0.0001428898745252
1333_DEL_chromosome4_668096_len_-341_TyRelated	4	668096	0.0005898354896344
5212_INS_chromosome13_512864_len_125	13	512864	0.0001188605219777
3635_INS_chromosome9_390737_len_220	9	390737	0.0001817249344613
5935_INS_chromosome15_438304_len_329_TyRelated	15	438304	0.0001881287134455
5539_INS_chromosome14_561443_len_328_TyRelated	14	561443	0.0004922405091712
3160_INS_chromosome8_237993_len_406_TyRelated	8	237993	0.0001319408172425
4548_INS_chromosome12_150537_len_224	12	150537	0.0004983460297159
6099_DEL_chromosome15_970285_len_-5975_TyRelated	15	970285	7.77777640787564e-05
1977_DEL_chromosome5_434630_len_-342_TyRelated	5	434630	0.0007720728170929
939_DUP_chromosome3_295227_len_100	3	295227	0.0001826023435002
1231_DEL_chromosome4_513258_len_-325	4	513258	0.0001857989688402
1264_DEL_chromosome4_530731_len_-4477	4	530731	0.0004349548852892
2784_INS_chromosome7_793890_len_135	7	793890	0.0001408531502087
3049_INS_chromosome8_133119_len_337_TyRelated	8	133119	0.0003111620293181
1231_DEL_chromosome4_513258_len_-325	4	513258	0.0002850543496722
3641_DEL_chromosome9_390980_len_-124	9	390980	0.0002182237990498
1827_DEL_chromosome5_135608_len_-332_TyRelated	5	135608	0.0007944898601065
3920_INS_chromosome10_374892_len_368_TyRelated	10	374892	0.0004090840653163
3641_DEL_chromosome9_390980_len_-124	9	390980	0.0001501736851873
1547_DEL_chromosome4_1154716_len_-8238	4	1154716	0.0002361902287137
3049_INS_chromosome8_133119_len_337_TyRelated	8	133119	0.000652155340405
1827_DEL_chromosome5_135608_len_-332_TyRelated	5	135608	0.0002872959323415
1977_DEL_chromosome5_434630_len_-342_TyRelated	5	434630	0.0004747080372411
1778_DEL_chromosome5_62141_len_-334_TyRelated	5	62141	0.0004977031379679
6480_DUP_chromosome16_786403_len_50	16	786403	0.0001832386276279
3263_INS_chromosome8_525463_len_1167	8	525463	4.43456093368019e-05
5586_INS_chromosome14_632408_len_5945_TyRelated	14	632408	0.0002200807978758
5954_INS_chromosome15_487424_len_338_TyRelated	15	487424	6.48602966908356e-06
214_DUP_chromosome1_198466_len_204	1	198466	0.0008600339166082
1231_DEL_chromosome4_513258_len_-325	4	513258	0.0001428642759861
4876_INS_chromosome12_818474_len_329_TyRelated	12	818474	0.0008865934262153
1146_INS_chromosome4_384494_len_244	4	384494	0.001106471192836
6030_DEL_chromosome15_703507_len_-194	15	703507	1.24888891083127e-05
6497_INS_chromosome16_819448_len_330_TyRelated	16	819448	9.51231064603208e-05
5838_INS_chromosome15_227137_len_329_TyRelated	15	227137	0.0006206175327716
3510_DEL_chromosome9_196653_len_-371_TyRelated	9	196653	0.0001654943678178
1231_DEL_chromosome4_513258_len_-325	4	513258	0.0001732787003103
3920_INS_chromosome10_374892_len_368_TyRelated	10	374892	6.91700880825962e-05
3672_INS_chromosome9_392406_len_188	9	392406	0.0003475992974318
6369_DEL_chromosome16_560480_len_-333_TyRelated	16	560480	0.000401714641393
2778_INS_chromosome7_779330_len_327_TyRelated	7	779330	6.23786957832978e-05
1392_DEL_chromosome4_802920_len_-2935_TyRelated	4	802920	2.7462298773959e-05
1757_DEL_chromosome5_14684_len_-317	5	14684	0.0003004082454749
3559_DUP_chromosome9_300429_len_255	9	300429	0.0002791647528453
1264_DEL_chromosome4_530731_len_-4477	4	530731	0.0003275442624991
1827_DEL_chromosome5_135608_len_-332_TyRelated	5	135608	0.0005557962113432
1231_DEL_chromosome4_513258_len_-325	4	513258	0.0003631196450279
2048_INS_chromosome5_449884_len_329_TyRelated	5	449884	0.000401686842481
5954_INS_chromosome15_487424_len_338_TyRelated	15	487424	8.04905564951625e-05
1943_DEL_chromosome5_354292_len_-439_TyRelated	5	354292	0.0004280914571015
4044_DEL_chromosome10_541094_len_-334_TyRelated	10	541094	0.0003302876255903
2403_INS_chromosome7_74168_len_329_TyRelated	7	74168	0.0001023446948767
1231_DEL_chromosome4_513258_len_-325	4	513258	7.89297156804745e-05
1977_DEL_chromosome5_434630_len_-342_TyRelated	5	434630	0.0004557100826804
1231_DEL_chromosome4_513258_len_-325	4	513258	0.0002908771142216
214_DUP_chromosome1_198466_len_204	1	198466	0.0001573080165442
3920_INS_chromosome10_374892_len_368_TyRelated	10	374892	0.0005144218296363
1128_INS_chromosome4_383993_len_942	4	383993	0.0003185668422163
4374_DEL_chromosome11_517455_len_-330_TyRelated	11	517455	0.0003021438243127
5954_INS_chromosome15_487424_len_338_TyRelated	15	487424	0.0004462439535697
2778_INS_chromosome7_779330_len_327_TyRelated	7	779330	0.0002151569050576
214_DUP_chromosome1_198466_len_204	1	198466	0.0003578133317339
2936_INS_chromosome7_1076129_len_11750	7	1076129	0.0005260531773239
4781_INS_chromosome12_687944_len_6302_TyRelated	12	687944	7.40234167701116e-05
1827_DEL_chromosome5_135608_len_-332_TyRelated	5	135608	0.0002495428182763
41_DEL_chromosome1_13326_len_-12211	1	13326	0.0002663489268485
1977_DEL_chromosome5_434630_len_-342_TyRelated	5	434630	0.0003682457187671
5201_DEL_chromosome13_503770_len_-371_TyRelated	13	503770	0.0005053852140101
1231_DEL_chromosome4_513258_len_-325	4	513258	0.0001570333306294
3559_DUP_chromosome9_300429_len_255	9	300429	0.000903487968825
2778_INS_chromosome7_779330_len_327_TyRelated	7	779330	0.0005551050486331
3025_INS_chromosome8_85388_len_168	8	85388	0.0003389124031827
6546_DEL_chromosome16_927358_len_-171	16	927358	0.0001126517149886
156_INS_chromosome1_180847_len_330_TyRelated	1	180847	0.0008259454866354
5614_DEL_chromosome14_726613_len_-331_TyRelated	14	726613	0.0009376784177021
1231_DEL_chromosome4_513258_len_-325	4	513258	0.0002889888076095
1231_DEL_chromosome4_513258_len_-325	4	513258	5.97543426876953e-05
3049_INS_chromosome8_133119_len_337_TyRelated	8	133119	0.0001045221957648
3071_DEL_chromosome8_146330_len_-342_TyRelated	8	146330	0.000197577640031
419_INS_chromosome2_197384_len_329_TyRelated	2	197384	0.0004907355119061
3920_INS_chromosome10_374892_len_368_TyRelated	10	374892	0.0005660479736923
3641_DEL_chromosome9_390980_len_-124	9	390980	0.000260031328594
1827_DEL_chromosome5_135608_len_-332_TyRelated	5	135608	0.0005648907014823
2778_INS_chromosome7_779330_len_327_TyRelated	7	779330	0.0001839510642353
4374_DEL_chromosome11_517455_len_-330_TyRelated	11	517455	5.02732087245255e-05
214_DUP_chromosome1_198466_len_204	1	198466	0.0002610746095182
2775_DEL_chromosome7_778956_len_-156	7	778956	0.0001980885925904
1778_DEL_chromosome5_62141_len_-334_TyRelated	5	62141	0.0005832033668756
1146_INS_chromosome4_384494_len_244	4	384494	0.0003830904115108
4599_INS_chromosome12_366135_len_329_TyRelated	12	366135	0.0002164440698424
4055_DEL_chromosome10_543605_len_-95	10	543605	0.0003352304166983
1076_CONTR_chromosome4_137861_len_74	4	137861	4.23439546285258e-05
5539_INS_chromosome14_561443_len_328_TyRelated	14	561443	0.000573332794448
4705_INS_chromosome12_489480_len_1066	12	489480	0.0003658354091428
2784_INS_chromosome7_793890_len_135	7	793890	0.0003321251948681
5838_INS_chromosome15_227137_len_329_TyRelated	15	227137	0.0002827531881943
3559_DUP_chromosome9_300429_len_255	9	300429	0.0003990040346113
3559_DUP_chromosome9_300429_len_255	9	300429	0.0004463176126433
5954_INS_chromosome15_487424_len_338_TyRelated	15	487424	0.0004013212873634
3641_DEL_chromosome9_390980_len_-124	9	390980	0.0006948434133837
3510_DEL_chromosome9_196653_len_-371_TyRelated	9	196653	0.0005950434647528
5210_INS_chromosome13_504879_len_338_TyRelated	13	504879	0.0003277200141729
3920_INS_chromosome10_374892_len_368_TyRelated	10	374892	7.4465083473201e-05
3672_INS_chromosome9_392406_len_188	9	392406	0.0003509627243218
6497_INS_chromosome16_819448_len_330_TyRelated	16	819448	0.0007989768503508
904_DUP_chromosome3_269958_len_127	3	269958	0.0007955514289831
1778_DEL_chromosome5_62141_len_-334_TyRelated	5	62141	0.000288152620999
5201_DEL_chromosome13_503770_len_-371_TyRelated	13	503770	0.0001984360591228
1778_DEL_chromosome5_62141_len_-334_TyRelated	5	62141	0.000935127590781
6116_DEL_chromosome15_980259_len_-324	15	980259	0.0001637439880305
5539_INS_chromosome14_561443_len_328_TyRelated	14	561443	0.0003558666021887
2035_DEL_chromosome5_443369_len_-6262_TyRelated	5	443369	9.07175945365046e-05
4703_INS_chromosome12_489480_len_19388	12	489480	0.0003126908824713
1231_DEL_chromosome4_513258_len_-325	4	513258	1.696662699885e-05
5954_INS_chromosome15_487424_len_338_TyRelated	15	487424	3.50333894089523e-05
794_DEL_chromosome3_124133_len_-333	3	124133	0.0001137820753104
5954_INS_chromosome15_487424_len_338_TyRelated	15	487424	0.0001336468548973
1889_INS_chromosome5_207344_len_340_TyRelated	5	207344	0.0005065184261787
2936_INS_chromosome7_1076129_len_11750	7	1076129	0.0002873285703029
1889_INS_chromosome5_207344_len_340_TyRelated	5	207344	0.0001472680275599
3636_CONTR_chromosome9_390772_len_138	9	390772	0.0004810192662401
1392_DEL_chromosome4_802920_len_-2935_TyRelated	4	802920	0.0003643961138386
5954_INS_chromosome15_487424_len_338_TyRelated	15	487424	0.0003165319592031
2400_INS_chromosome7_73912_len_337_TyRelated	7	73912	0.0011966017288971
1333_DEL_chromosome4_668096_len_-341_TyRelated	4	668096	0.000107819162967
1461_INS_chromosome4_981170_len_1901_TyRelated	4	981170	0.0001225145990928
1231_DEL_chromosome4_513258_len_-325	4	513258	3.06958310645617e-05
3237_INS_chromosome8_475937_len_328_TyRelated	8	475937	0.000399564436625
3266_DEL_chromosome8_525522_len_-13836	8	525522	4.28079292190862e-05
1183_DEL_chromosome4_435288_len_-97	4	435288	0.0004889930365083
1997_DEL_chromosome5_435840_len_-438_TyRelated	5	435840	0.0003001223997996
2778_INS_chromosome7_779330_len_327_TyRelated	7	779330	0.0002775719253299
5201_DEL_chromosome13_503770_len_-371_TyRelated	13	503770	0.0005777129945439
2048_INS_chromosome5_449884_len_329_TyRelated	5	449884	0.0002712267827177
2936_INS_chromosome7_1076129_len_11750	7	1076129	0.0001721669518123
1152_CONTR_chromosome4_384947_len_141	4	384947	0.000148147673191
3510_DEL_chromosome9_196653_len_-371_TyRelated	9	196653	0.0004577570251488
4116_DEL_chromosome10_729995_len_-13296	10	729995	0.0001657965775615
3137_DUP_chromosome8_212057_len_1931	8	212057	0.0005016736282173
1977_DEL_chromosome5_434630_len_-342_TyRelated	5	434630	0.0006745177183815
4943_INS_chromosome12_1062080_len_270	12	1062080	0.0002194011940847
3668_DEL_chromosome9_392253_len_-602	9	392253	0.0004168883182072
754_INS_chromosome3_84069_len_323	3	84069	0.0001336386151319
2778_INS_chromosome7_779330_len_327_TyRelated	7	779330	6.06627481061938e-06
3085_DEL_chromosome8_193546_len_-532	8	193546	0.0004947096170498
1231_DEL_chromosome4_513258_len_-325	4	513258	0.0002267938872723
1889_INS_chromosome5_207344_len_340_TyRelated	5	207344	1.2998053161649e-05
5355_INS_chromosome13_917889_len_12867	13	917889	0.0006734210148674
1889_INS_chromosome5_207344_len_340_TyRelated	5	207344	0.0002251567213402
2936_INS_chromosome7_1076129_len_11750	7	1076129	0.0002674239942319
4684_INS_chromosome12_468943_len_8990	12	468943	0.0005111776851068
1827_DEL_chromosome5_135608_len_-332_TyRelated	5	135608	3.76543650499929e-05
1977_DEL_chromosome5_434630_len_-342_TyRelated	5	434630	0.0001504283393064
1076_CONTR_chromosome4_137861_len_74	4	137861	0.0002453455598448
238_DEL_chromosome1_204897_len_-1506	1	204897	6.73557494432996e-05
2936_INS_chromosome7_1076129_len_11750	7	1076129	0.0001234948643384
5539_INS_chromosome14_561443_len_328_TyRelated	14	561443	2.49327762163513e-05
169_DEL_chromosome1_182620_len_-342_TyRelated	1	182620	0.0002126034814173
4912_INS_chromosome12_976257_len_137	12	976257	0.0004621609823622
4055_DEL_chromosome10_543605_len_-95	10	543605	0.000152116768085
1827_DEL_chromosome5_135608_len_-332_TyRelated	5	135608	0.0003118096026548
5954_INS_chromosome15_487424_len_338_TyRelated	15	487424	0.0004584958010532
5586_INS_chromosome14_632408_len_5945_TyRelated	14	632408	5.29196066906696e-05
6480_DUP_chromosome16_786403_len_50	16	786403	0.0004627698970126
5954_INS_chromosome15_487424_len_338_TyRelated	15	487424	2.6459963131615e-05
1231_DEL_chromosome4_513258_len_-325	4	513258	4.19263164696979e-06
1827_DEL_chromosome5_135608_len_-332_TyRelated	5	135608	0.000199269561548
6480_DUP_chromosome16_786403_len_50	16	786403	0.0003551007071248
3920_INS_chromosome10_374892_len_368_TyRelated	10	374892	3.76375425417409e-05
5838_INS_chromosome15_227137_len_329_TyRelated	15	227137	0.0003558816549449
5954_INS_chromosome15_487424_len_338_TyRelated	15	487424	0.0002012665764241
1547_DEL_chromosome4_1154716_len_-8238	4	1154716	0.0002999973725056
3920_INS_chromosome10_374892_len_368_TyRelated	10	374892	0.0001217555297176
41_DEL_chromosome1_13326_len_-12211	1	13326	0.0001563316925435
2778_INS_chromosome7_779330_len_327_TyRelated	7	779330	0.0006459692420684
169_DEL_chromosome1_182620_len_-342_TyRelated	1	182620	0.0001843372652032
1152_CONTR_chromosome4_384947_len_141	4	384947	0.0001484418396391
5724_DUP_chromosome15_29598_len_82	15	29598	0.0003819459315064
2778_INS_chromosome7_779330_len_327_TyRelated	7	779330	0.0003890571570843
2775_DEL_chromosome7_778956_len_-156	7	778956	0.0006389030889324
3151_CONTR_chromosome8_214253_len_1985	8	214253	0.0006076861316595
3043_DEL_chromosome8_116424_len_-328_TyRelated	8	116424	0.0001486596256477
4417_DEL_chromosome11_647337_len_-654	11	647337	0.000333876033787
3920_INS_chromosome10_374892_len_368_TyRelated	10	374892	0.0008464460724255
4703_INS_chromosome12_489480_len_19388	12	489480	0.0001327499266508
4684_INS_chromosome12_468943_len_8990	12	468943	0.0001287185566309
2936_INS_chromosome7_1076129_len_11750	7	1076129	7.35541941637599e-05
5424_INS_chromosome14_96609_len_83_TyRelated	14	96609	0.0001996883563523
4910_INS_chromosome12_976255_len_139	12	976255	0.0008237435177518
4067_INS_chromosome10_628805_len_273	10	628805	0.000405200790243
6030_DEL_chromosome15_703507_len_-194	15	703507	0.0001408935349643
6030_DEL_chromosome15_703507_len_-194	15	703507	0.0001947636517837
1231_DEL_chromosome4_513258_len_-325	4	513258	0.0001311384161317
3641_DEL_chromosome9_390980_len_-124	9	390980	0.0003347936890572
2384_DEL_chromosome7_8632_len_-149	7	8632	0.0007374935581065
3641_DEL_chromosome9_390980_len_-124	9	390980	0.0004425559281148
5424_INS_chromosome14_96609_len_83_TyRelated	14	96609	0.0003600708969909
5954_INS_chromosome15_487424_len_338_TyRelated	15	487424	3.14626113378903e-05
3049_INS_chromosome8_133119_len_337_TyRelated	8	133119	0.0003076747315858
1542_DEL_chromosome4_1151368_len_-256	4	1151368	0.000132738380553
2547_DEL_chromosome7_402267_len_-2961	7	402267	0.0009275818208021
1307_DEL_chromosome4_628742_len_-133	4	628742	0.0006143325929872
1461_INS_chromosome4_981170_len_1901_TyRelated	4	981170	0.000791364794323
1231_DEL_chromosome4_513258_len_-325	4	513258	0.0006749341116459
3071_DEL_chromosome8_146330_len_-342_TyRelated	8	146330	0.0001593378481408
3559_DUP_chromosome9_300429_len_255	9	300429	0.0002321665834222
6018_DEL_chromosome15_664813_len_-334_TyRelated	15	664813	0.0001452332442355
3920_INS_chromosome10_374892_len_368_TyRelated	10	374892	0.0002727889264053
742_INS_chromosome3_82707_len_3619_TyRelated	3	82707	1.05398449236055e-06
1231_DEL_chromosome4_513258_len_-325	4	513258	0.0003143456997619
5212_INS_chromosome13_512864_len_125	13	512864	0.0007740992303114
3559_DUP_chromosome9_300429_len_255	9	300429	0.0004429447371001
3641_DEL_chromosome9_390980_len_-124	9	390980	2.08326822263152e-05
1741_INS_chromosome5_6383_len_109	5	6383	0.0001808339243744
1977_DEL_chromosome5_434630_len_-342_TyRelated	5	434630	8.63879056131024e-06
2291_CONTR_chromosome6_178166_len_141	6	178166	0.0001552512000342
1231_DEL_chromosome4_513258_len_-325	4	513258	5.90086431236076e-06
3641_DEL_chromosome9_390980_len_-124	9	390980	9.10809651823964e-05
1231_DEL_chromosome4_513258_len_-325	4	513258	0.0002398845736532
5954_INS_chromosome15_487424_len_338_TyRelated	15	487424	0.0004280781835163
1669_INS_chromosome4_1503810_len_142	4	1503810	7.28332327221509e-05
1547_DEL_chromosome4_1154716_len_-8238	4	1154716	0.0005460325687856
5355_INS_chromosome13_917889_len_12867	13	917889	0.0007804443743623
5954_INS_chromosome15_487424_len_338_TyRelated	15	487424	8.8813557406482e-06
5954_INS_chromosome15_487424_len_338_TyRelated	15	487424	6.39348935067776e-06
2778_INS_chromosome7_779330_len_327_TyRelated	7	779330	0.000211951144249
1827_DEL_chromosome5_135608_len_-332_TyRelated	5	135608	0.0001560702333799
3920_INS_chromosome10_374892_len_368_TyRelated	10	374892	6.83421629822843e-06
5954_INS_chromosome15_487424_len_338_TyRelated	15	487424	0.0003912721032999
1827_DEL_chromosome5_135608_len_-332_TyRelated	5	135608	0.000108674470555
5935_INS_chromosome15_438304_len_329_TyRelated	15	438304	0.0005234720372688
5954_INS_chromosome15_487424_len_338_TyRelated	15	487424	0.0001243673909782
5201_DEL_chromosome13_503770_len_-371_TyRelated	13	503770	0.0002424477917059
3049_INS_chromosome8_133119_len_337_TyRelated	8	133119	0.0005421670677664
1231_DEL_chromosome4_513258_len_-325	4	513258	0.0004968768235256
741_DEL_chromosome3_82700_len_-337	3	82700	0.0003548278340993
2065_DEL_chromosome5_487833_len_-333_TyRelated	5	487833	0.0001036017270845
4328_INS_chromosome11_389144_len_183	11	389144	0.0002732423281469
6369_DEL_chromosome16_560480_len_-333_TyRelated	16	560480	0.000744254226832
3323_DEL_chromosome8_543610_len_-6028_TyRelated	8	543610	0.0004130884435049
3198_DEL_chromosome8_389176_len_-334_TyRelated	8	389176	8.2888081307532e-05
1264_DEL_chromosome4_530731_len_-4477	4	530731	5.47467907918338e-05
1231_DEL_chromosome4_513258_len_-325	4	513258	0.0007594515290688
1827_DEL_chromosome5_135608_len_-332_TyRelated	5	135608	0.000618088124849
1231_DEL_chromosome4_513258_len_-325	4	513258	3.07151150847941e-05
1231_DEL_chromosome4_513258_len_-325	4	513258	0.0002078397319194
2778_INS_chromosome7_779330_len_327_TyRelated	7	779330	0.0002936085922316
1561_DEL_chromosome4_1175315_len_-333	4	1175315	5.61240713180577e-05
1152_CONTR_chromosome4_384947_len_141	4	384947	0.0001218245701398
3510_DEL_chromosome9_196653_len_-371_TyRelated	9	196653	0.0003788001765064
3151_CONTR_chromosome8_214253_len_1985	8	214253	0.0002740282251688
4876_INS_chromosome12_818474_len_329_TyRelated	12	818474	0.0003453143307819
2778_INS_chromosome7_779330_len_327_TyRelated	7	779330	0.0001982330561367
4374_DEL_chromosome11_517455_len_-330_TyRelated	11	517455	5.90098898309994e-05
5266_INS_chromosome13_609802_len_415	13	609802	0.0002801310110074
3641_DEL_chromosome9_390980_len_-124	9	390980	0.0002016098384143
1152_CONTR_chromosome4_384947_len_141	4	384947	0.0001853368314918
2778_INS_chromosome7_779330_len_327_TyRelated	7	779330	1.57305293982011e-05
1146_INS_chromosome4_384494_len_244	4	384494	0.0002350271100137
5954_INS_chromosome15_487424_len_338_TyRelated	15	487424	2.60882807616742e-05
1231_DEL_chromosome4_513258_len_-325	4	513258	0.0002409990347904
2291_CONTR_chromosome6_178166_len_141	6	178166	1.54216094840807e-05
5954_INS_chromosome15_487424_len_338_TyRelated	15	487424	2.8448446001365e-05
5212_INS_chromosome13_512864_len_125	13	512864	8.38409436042383e-05
2778_INS_chromosome7_779330_len_327_TyRelated	7	779330	0.0004063610672966
5954_INS_chromosome15_487424_len_338_TyRelated	15	487424	0.000110576122848
3920_INS_chromosome10_374892_len_368_TyRelated	10	374892	0.000107132549379
5608_DEL_chromosome14_726245_len_-699_TyRelated	14	726245	0.0004469050249793
1827_DEL_chromosome5_135608_len_-332_TyRelated	5	135608	5.63582107783482e-05
3559_DUP_chromosome9_300429_len_255	9	300429	0.0002547877319302
3920_INS_chromosome10_374892_len_368_TyRelated	10	374892	0.0007177776483264
3559_DUP_chromosome9_300429_len_255	9	300429	0.0003720886116077
1251_DEL_chromosome4_520473_len_-332	4	520473	0.0002637756609828
1121_DEL_chromosome4_383487_len_-110	4	383487	0.0001034050842471
5954_INS_chromosome15_487424_len_338_TyRelated	15	487424	0.0003286077897229
2778_INS_chromosome7_779330_len_327_TyRelated	7	779330	0.0005790401363662
1977_DEL_chromosome5_434630_len_-342_TyRelated	5	434630	8.15878242975844e-06
1461_INS_chromosome4_981170_len_1901_TyRelated	4	981170	0.0008239234060487
156_INS_chromosome1_180847_len_330_TyRelated	1	180847	0.0004110744939799
942_INS_chromosome3_295361_len_329_TyRelated	3	295361	0.0001125113112319
2048_INS_chromosome5_449884_len_329_TyRelated	5	449884	0.0003730482615096
5355_INS_chromosome13_917889_len_12867	13	917889	0.0003213100442036
5838_INS_chromosome15_227137_len_329_TyRelated	15	227137	0.0003772731071515
1231_DEL_chromosome4_513258_len_-325	4	513258	0.0003857206519437
5943_INS_chromosome15_462774_len_329_TyRelated	15	462774	0.0002298537744275
4607_DEL_chromosome12_373998_len_-341_TyRelated	12	373998	5.71826091559767e-05
5954_INS_chromosome15_487424_len_338_TyRelated	15	487424	3.64230981684233e-05
6099_DEL_chromosome15_970285_len_-5975_TyRelated	15	970285	0.0003962846917246
5935_INS_chromosome15_438304_len_329_TyRelated	15	438304	0.0003900834451148
1547_DEL_chromosome4_1154716_len_-8238	4	1154716	0.0005925995688621
1231_DEL_chromosome4_513258_len_-325	4	513258	0.0006760661376098
3085_DEL_chromosome8_193546_len_-532	8	193546	7.26894549372571e-09
3085_DEL_chromosome8_193546_len_-532	8	193546	0.0004711241239479
3641_DEL_chromosome9_390980_len_-124	9	390980	0.0003071866186376
5954_INS_chromosome15_487424_len_338_TyRelated	15	487424	6.56146032783451e-06
3641_DEL_chromosome9_390980_len_-124	9	390980	0.000215657237818
3641_DEL_chromosome9_390980_len_-124	9	390980	0.0003615856845707
3559_DUP_chromosome9_300429_len_255	9	300429	3.53842062503737e-05
1547_DEL_chromosome4_1154716_len_-8238	4	1154716	4.29250038891618e-05
1943_DEL_chromosome5_354292_len_-439_TyRelated	5	354292	0.0006886858006488
3920_INS_chromosome10_374892_len_368_TyRelated	10	374892	0.0002437390407912
3641_DEL_chromosome9_390980_len_-124	9	390980	6.26921926092957e-05
3071_DEL_chromosome8_146330_len_-342_TyRelated	8	146330	0.0002214113383735
1264_DEL_chromosome4_530731_len_-4477	4	530731	0.0004655661210137
1231_DEL_chromosome4_513258_len_-325	4	513258	0.0005281844918096
904_DUP_chromosome3_269958_len_127	3	269958	0.0001157884076144
419_INS_chromosome2_197384_len_329_TyRelated	2	197384	0.0001640744167568
5539_INS_chromosome14_561443_len_328_TyRelated	14	561443	0.0001074320924811
2775_DEL_chromosome7_778956_len_-156	7	778956	0.0005169480084538
1231_DEL_chromosome4_513258_len_-325	4	513258	0.0002131190814211
1827_DEL_chromosome5_135608_len_-332_TyRelated	5	135608	0.0001247149274065
5954_INS_chromosome15_487424_len_338_TyRelated	15	487424	0.0001785196479683
1231_DEL_chromosome4_513258_len_-325	4	513258	0.0001090377412333
3641_DEL_chromosome9_390980_len_-124	9	390980	0.0001412370471212
2778_INS_chromosome7_779330_len_327_TyRelated	7	779330	0.0003716365222575
1264_DEL_chromosome4_530731_len_-4477	4	530731	0.0005896015520637
3920_INS_chromosome10_374892_len_368_TyRelated	10	374892	0.0006147183587696
2010_INS_chromosome5_436372_len_329_TyRelated	5	436372	0.0008479106869684
1307_DEL_chromosome4_628742_len_-133	4	628742	9.75229894945838e-05
3579_INS_chromosome9_324686_len_329_TyRelated	9	324686	0.000252092065823
2048_INS_chromosome5_449884_len_329_TyRelated	5	449884	0.0001405451949268
3949_DUP_chromosome10_400129_len_199	10	400129	0.0003490218872328
1146_INS_chromosome4_384494_len_244	4	384494	0.0004128221232378
2403_INS_chromosome7_74168_len_329_TyRelated	7	74168	0.0002583378727416
4055_DEL_chromosome10_543605_len_-95	10	543605	6.4934933203973e-05
1145_CONTR_chromosome4_384492_len_142	4	384492	0.000454416111668
1889_INS_chromosome5_207344_len_340_TyRelated	5	207344	0.0004718919446025
2749_DEL_chromosome7_735981_len_-343_TyRelated	7	735981	0.000485837970514
3263_INS_chromosome8_525463_len_1167	8	525463	5.31377974909941e-05
1307_DEL_chromosome4_628742_len_-133	4	628742	0.0004489882277317
5188_INS_chromosome13_480881_len_330	13	480881	0.0002126503447685
2384_DEL_chromosome7_8632_len_-149	7	8632	0.0003249007930193
3672_INS_chromosome9_392406_len_188	9	392406	0.000470076702609
1264_DEL_chromosome4_530731_len_-4477	4	530731	0.0002859788670987
2510_DEL_chromosome7_319422_len_-339_TyRelated	7	319422	1.50234553167791e-05
3559_DUP_chromosome9_300429_len_255	9	300429	1.65894101886534e-07
4912_INS_chromosome12_976257_len_137	12	976257	0.000369395759989
3668_DEL_chromosome9_392253_len_-602	9	392253	0.0001837758077067
1264_DEL_chromosome4_530731_len_-4477	4	530731	0.0001198441732003
2932_DEL_chromosome7_1072906_len_-202	7	1072906	0.0001288754212946
5954_INS_chromosome15_487424_len_338_TyRelated	15	487424	0.0003161113459929
3151_CONTR_chromosome8_214253_len_1985	8	214253	0.0006517362142693
2778_INS_chromosome7_779330_len_327_TyRelated	7	779330	7.21638455290212e-05
1264_DEL_chromosome4_530731_len_-4477	4	530731	0.0008123918043097
5935_INS_chromosome15_438304_len_329_TyRelated	15	438304	0.0001267322279621
1468_DEL_chromosome4_981492_len_-11207_TyRelated	4	981492	0.000357558620982
2778_INS_chromosome7_779330_len_327_TyRelated	7	779330	0.0003188943176883
3085_DEL_chromosome8_193546_len_-532	8	193546	0.0006026084811879
1231_DEL_chromosome4_513258_len_-325	4	513258	0.0005331668960262
2749_DEL_chromosome7_735981_len_-343_TyRelated	7	735981	0.0003516474114132
1264_DEL_chromosome4_530731_len_-4477	4	530731	0.0002805891398274
4781_INS_chromosome12_687944_len_6302_TyRelated	12	687944	0.0002864655679807
1121_DEL_chromosome4_383487_len_-110	4	383487	0.0002370118884407
5539_INS_chromosome14_561443_len_328_TyRelated	14	561443	0.0001433707753311
3618_DEL_chromosome9_382842_len_-95	9	382842	4.37942206128718e-05
1977_DEL_chromosome5_434630_len_-342_TyRelated	5	434630	0.0004516791676891
5838_INS_chromosome15_227137_len_329_TyRelated	15	227137	9.01897802514069e-05
2778_INS_chromosome7_779330_len_327_TyRelated	7	779330	0.0001669156364321
1827_DEL_chromosome5_135608_len_-332_TyRelated	5	135608	1.50955953079609e-05
3641_DEL_chromosome9_390980_len_-124	9	390980	0.0001024027535929
1231_DEL_chromosome4_513258_len_-325	4	513258	7.20097660589705e-05
2778_INS_chromosome7_779330_len_327_TyRelated	7	779330	0.0003597594081456
1231_DEL_chromosome4_513258_len_-325	4	513258	0.0007526795846761
2291_CONTR_chromosome6_178166_len_141	6	178166	0.0007557052591925
3668_DEL_chromosome9_392253_len_-602	9	392253	0.0006413512386983
4703_INS_chromosome12_489480_len_19388	12	489480	3.37756281089877e-05
1827_DEL_chromosome5_135608_len_-332_TyRelated	5	135608	0.0004245786621519
265_DEL_chromosome1_206644_len_-12316	1	206644	5.36042307712278e-05
909_DUP_chromosome3_269960_len_117	3	269960	0.0004384665236408
2048_INS_chromosome5_449884_len_329_TyRelated	5	449884	0.0007460818541333
1146_INS_chromosome4_384494_len_244	4	384494	0.0001870186921673
1231_DEL_chromosome4_513258_len_-325	4	513258	0.0002722085620687
4055_DEL_chromosome10_543605_len_-95	10	543605	0.0003257489432345
2893_DEL_chromosome7_931690_len_-330_TyRelated	7	931690	0.0005267093663862
6099_DEL_chromosome15_970285_len_-5975_TyRelated	15	970285	0.0006864469962868
1231_DEL_chromosome4_513258_len_-325	4	513258	0.0003266905958321
3641_DEL_chromosome9_390980_len_-124	9	390980	2.06569821450813e-06
5935_INS_chromosome15_438304_len_329_TyRelated	15	438304	0.0003300020781723
779_INS_chromosome3_90843_len_338_TyRelated	3	90843	0.0001115558562261
1827_DEL_chromosome5_135608_len_-332_TyRelated	5	135608	0.0002124710218638
3237_INS_chromosome8_475937_len_328_TyRelated	8	475937	9.81048008303601e-05
5201_DEL_chromosome13_503770_len_-371_TyRelated	13	503770	0.0003002540023769
3071_DEL_chromosome8_146330_len_-342_TyRelated	8	146330	4.96277881661332e-05
1889_INS_chromosome5_207344_len_340_TyRelated	5	207344	0.0003772667380164
1977_DEL_chromosome5_434630_len_-342_TyRelated	5	434630	0.0004719007858146
5288_INS_chromosome13_768453_len_337_TyRelated	13	768453	0.0002065786994403
3547_DEL_chromosome9_246219_len_-334_TyRelated	9	246219	0.0002003608965234
3198_DEL_chromosome8_389176_len_-334_TyRelated	8	389176	4.55491746376384e-05
5943_INS_chromosome15_462774_len_329_TyRelated	15	462774	0.0001309209777121
5539_INS_chromosome14_561443_len_328_TyRelated	14	561443	0.0001853444857209
5954_INS_chromosome15_487424_len_338_TyRelated	15	487424	0.0002178431713028
1119_DEL_chromosome4_383482_len_-425	4	383482	9.37936742229287e-07
5954_INS_chromosome15_487424_len_338_TyRelated	15	487424	0.000367988818414
419_INS_chromosome2_197384_len_329_TyRelated	2	197384	0.0004427251904017
2936_INS_chromosome7_1076129_len_11750	7	1076129	6.22300092910305e-05
5107_INS_chromosome13_321292_len_329_TyRelated	13	321292	0.0002554497486873
3559_DUP_chromosome9_300429_len_255	9	300429	0.0001398680162858
5724_DUP_chromosome15_29598_len_82	15	29598	0.0001686409253358
3969_INS_chromosome10_416782_len_329_TyRelated	10	416782	8.32591993850949e-05
4044_DEL_chromosome10_541094_len_-334_TyRelated	10	541094	0.0001725170876114
214_DUP_chromosome1_198466_len_204	1	198466	0.0002352642953988
6116_DEL_chromosome15_980259_len_-324	15	980259	0.0004657431310065
3049_INS_chromosome8_133119_len_337_TyRelated	8	133119	0.0005269438820821
3920_INS_chromosome10_374892_len_368_TyRelated	10	374892	0.0001197365573795
1183_DEL_chromosome4_435288_len_-97	4	435288	7.06058810727331e-05
2247_INS_chromosome6_137912_len_65_TyRelated	6	137912	0.0002018522253029
742_INS_chromosome3_82707_len_3619_TyRelated	3	82707	0.0004618274885919
6366_INS_chromosome16_560299_len_336_TyRelated	16	560299	0.0003019352044532
3025_INS_chromosome8_85388_len_168	8	85388	0.0003411695280294
1231_DEL_chromosome4_513258_len_-325	4	513258	0.0001189456128503
3641_DEL_chromosome9_390980_len_-124	9	390980	0.0003288363782476
1757_DEL_chromosome5_14684_len_-317	5	14684	0.0001432096713699
1231_DEL_chromosome4_513258_len_-325	4	513258	0.0002502589559864
5539_INS_chromosome14_561443_len_328_TyRelated	14	561443	1.0424568472322e-05
3903_DEL_chromosome10_354843_len_-332_TyRelated	10	354843	0.0003544941420328
904_DUP_chromosome3_269958_len_127	3	269958	0.0005744941327657
238_DEL_chromosome1_204897_len_-1506	1	204897	5.97735556518275e-05
3920_INS_chromosome10_374892_len_368_TyRelated	10	374892	0.0003179065465187
5838_INS_chromosome15_227137_len_329_TyRelated	15	227137	0.000127751213472
3920_INS_chromosome10_374892_len_368_TyRelated	10	374892	0.0003422698464964
5954_INS_chromosome15_487424_len_338_TyRelated	15	487424	0.0003210802199368
1231_DEL_chromosome4_513258_len_-325	4	513258	4.12131124985229e-05
779_INS_chromosome3_90843_len_338_TyRelated	3	90843	0.0005661292527444
1264_DEL_chromosome4_530731_len_-4477	4	530731	9.04730850352987e-05
5608_DEL_chromosome14_726245_len_-699_TyRelated	14	726245	0.0006384181548551
5954_INS_chromosome15_487424_len_338_TyRelated	15	487424	0.0006578264315418
3641_DEL_chromosome9_390980_len_-124	9	390980	0.0001093547994141
2778_INS_chromosome7_779330_len_327_TyRelated	7	779330	0.0002280826746892
1977_DEL_chromosome5_434630_len_-342_TyRelated	5	434630	0.0004889317772012
1231_DEL_chromosome4_513258_len_-325	4	513258	0.0004951761323631
2936_INS_chromosome7_1076129_len_11750	7	1076129	0.0004834090302674
1251_DEL_chromosome4_520473_len_-332	4	520473	0.0001547687539501
1561_DEL_chromosome4_1175315_len_-333	4	1175315	0.0002529750967765
4705_INS_chromosome12_489480_len_1066	12	489480	0.0001692688058544
3263_INS_chromosome8_525463_len_1167	8	525463	0.0002321633591048
6030_DEL_chromosome15_703507_len_-194	15	703507	0.0003603624839558
4115_INS_chromosome10_729995_len_5443	10	729995	0.0002865592921346
5954_INS_chromosome15_487424_len_338_TyRelated	15	487424	0.0001101748717517
1231_DEL_chromosome4_513258_len_-325	4	513258	2.58399516736518e-05
1264_DEL_chromosome4_530731_len_-4477	4	530731	9.22307427079394e-05
3836_DEL_chromosome10_197494_len_-6621_TyRelated	10	197494	0.0001365642761224
4684_INS_chromosome12_468943_len_8990	12	468943	0.0003260182580902
5053_INS_chromosome13_183989_len_538_TyRelated	13	183989	0.0002328561540908
3920_INS_chromosome10_374892_len_368_TyRelated	10	374892	0.0007345881789137
3668_DEL_chromosome9_392253_len_-602	9	392253	0.0001178088950808
1231_DEL_chromosome4_513258_len_-325	4	513258	0.0003661190055305
4703_INS_chromosome12_489480_len_19388	12	489480	4.66091274928201e-06
2936_INS_chromosome7_1076129_len_11750	7	1076129	0.0001720466216946
1392_DEL_chromosome4_802920_len_-2935_TyRelated	4	802920	7.92359383042894e-06
1977_DEL_chromosome5_434630_len_-342_TyRelated	5	434630	9.66777152414704e-05
1151_DEL_chromosome4_384889_len_-92	4	384889	0.0002044520535755
907_DUP_chromosome3_269960_len_117	3	269960	0.0002825629335765
1547_DEL_chromosome4_1154716_len_-8238	4	1154716	0.0001627573114558
1264_DEL_chromosome4_530731_len_-4477	4	530731	4.33009572663361e-05
1231_DEL_chromosome4_513258_len_-325	4	513258	2.27805655114032e-06
214_DUP_chromosome1_198466_len_204	1	198466	3.68858740460615e-05
4374_DEL_chromosome11_517455_len_-330_TyRelated	11	517455	0.0003292999206026
1827_DEL_chromosome5_135608_len_-332_TyRelated	5	135608	0.0002176950793973
6030_DEL_chromosome15_703507_len_-194	15	703507	0.0002517897079819
1968_DEL_chromosome5_431489_len_-334_TyRelated	5	431489	0.0001002093792232
2065_DEL_chromosome5_487833_len_-333_TyRelated	5	487833	0.0004555671543529
4599_INS_chromosome12_366135_len_329_TyRelated	12	366135	0.0004310187041141
1943_DEL_chromosome5_354292_len_-439_TyRelated	5	354292	0.0003071165167461
3641_DEL_chromosome9_390980_len_-124	9	390980	0.0004359171650976
2778_INS_chromosome7_779330_len_327_TyRelated	7	779330	0.0005381911021368
3510_DEL_chromosome9_196653_len_-371_TyRelated	9	196653	0.0004039499305099
1392_DEL_chromosome4_802920_len_-2935_TyRelated	4	802920	0.0004022794609165
1561_DEL_chromosome4_1175315_len_-333	4	1175315	6.55180898679136e-05
3263_INS_chromosome8_525463_len_1167	8	525463	0.0006122118342323
1461_INS_chromosome4_981170_len_1901_TyRelated	4	981170	9.61166929225831e-05
1151_DEL_chromosome4_384889_len_-92	4	384889	0.0001727196799113
3150_CONTR_chromosome8_214253_len_1984	8	214253	0.0011811465940558
1231_DEL_chromosome4_513258_len_-325	4	513258	0.0006016809647112
1778_DEL_chromosome5_62141_len_-334_TyRelated	5	62141	0.0004537183649903
6018_DEL_chromosome15_664813_len_-334_TyRelated	15	664813	0.0001740698108179
2778_INS_chromosome7_779330_len_327_TyRelated	7	779330	5.03278202815449e-05
1251_DEL_chromosome4_520473_len_-332	4	520473	3.65498382368861e-05
5724_DUP_chromosome15_29598_len_82	15	29598	0.00015902739117
5314_DEL_chromosome13_808536_len_-371_TyRelated	13	808536	0.000701122146386
1231_DEL_chromosome4_513258_len_-325	4	513258	0.0001149780213739
6236_DEL_chromosome16_56788_len_-5929_TyRelated	16	56788	0.0001383508160287
2778_INS_chromosome7_779330_len_327_TyRelated	7	779330	0.0004169439611279
3563_INS_chromosome9_300684_len_1557	9	300684	0.0005778117963199
3641_DEL_chromosome9_390980_len_-124	9	390980	1.20004908282083e-05
1778_DEL_chromosome5_62141_len_-334_TyRelated	5	62141	0.0002045067686082
3049_INS_chromosome8_133119_len_337_TyRelated	8	133119	4.39366116493983e-06
4781_INS_chromosome12_687944_len_6302_TyRelated	12	687944	0.0003500532657557
5954_INS_chromosome15_487424_len_338_TyRelated	15	487424	0.0001412919117249
1392_DEL_chromosome4_802920_len_-2935_TyRelated	4	802920	0.0001770810306929
2936_INS_chromosome7_1076129_len_11750	7	1076129	0.0003383468718621
2778_INS_chromosome7_779330_len_327_TyRelated	7	779330	6.41167637659153e-05
1264_DEL_chromosome4_530731_len_-4477	4	530731	0.0005185372425903
942_INS_chromosome3_295361_len_329_TyRelated	3	295361	8.96977763964016e-05
2048_INS_chromosome5_449884_len_329_TyRelated	5	449884	0.0004523049886405
1307_DEL_chromosome4_628742_len_-133	4	628742	0.0003063294458911
3547_DEL_chromosome9_246219_len_-334_TyRelated	9	246219	0.0001728980669936
3323_DEL_chromosome8_543610_len_-6028_TyRelated	8	543610	0.0003045225899782
1778_DEL_chromosome5_62141_len_-334_TyRelated	5	62141	0.0006554774085779
1977_DEL_chromosome5_434630_len_-342_TyRelated	5	434630	0.0006133322763463
5838_INS_chromosome15_227137_len_329_TyRelated	15	227137	1.70038354516073e-05
1778_DEL_chromosome5_62141_len_-334_TyRelated	5	62141	0.000614790737507
3895_INS_chromosome10_354639_len_330_TyRelated	10	354639	0.0003814645183477
1251_DEL_chromosome4_520473_len_-332	4	520473	0.0002449590322544
2932_DEL_chromosome7_1072906_len_-202	7	1072906	0.000582574242491
156_INS_chromosome1_180847_len_330_TyRelated	1	180847	0.0007379914717911
2778_INS_chromosome7_779330_len_327_TyRelated	7	779330	0.0004211117392471
2784_INS_chromosome7_793890_len_135	7	793890	0.0002483004977136
1146_INS_chromosome4_384494_len_244	4	384494	0.0008627575187536
419_INS_chromosome2_197384_len_329_TyRelated	2	197384	0.000401752549059
3150_CONTR_chromosome8_214253_len_1984	8	214253	0.0003010145912208
4337_DEL_chromosome11_458139_len_-333_TyRelated	11	458139	0.0004600654456727
2778_INS_chromosome7_779330_len_327_TyRelated	7	779330	0.0003219022946734
1231_DEL_chromosome4_513258_len_-325	4	513258	0.000607306128123
5954_INS_chromosome15_487424_len_338_TyRelated	15	487424	0.0001246053001401
1889_INS_chromosome5_207344_len_340_TyRelated	5	207344	0.0001637245543422
2247_INS_chromosome6_137912_len_65_TyRelated	6	137912	2.06624974300281e-06
2936_INS_chromosome7_1076129_len_11750	7	1076129	2.54990293297405e-05
1977_DEL_chromosome5_434630_len_-342_TyRelated	5	434630	0.0002634249583168
2778_INS_chromosome7_779330_len_327_TyRelated	7	779330	0.0002658896171612
2778_INS_chromosome7_779330_len_327_TyRelated	7	779330	4.64537863207554e-05
4684_INS_chromosome12_468943_len_8990	12	468943	4.88792762646536e-05
1392_DEL_chromosome4_802920_len_-2935_TyRelated	4	802920	3.7526991528333e-05
265_DEL_chromosome1_206644_len_-12316	1	206644	0.0002743293239533
1231_DEL_chromosome4_513258_len_-325	4	513258	0.0001612474151377
2291_CONTR_chromosome6_178166_len_141	6	178166	0.0002698136257298
2932_DEL_chromosome7_1072906_len_-202	7	1072906	0.0007772198670339
2778_INS_chromosome7_779330_len_327_TyRelated	7	779330	0.0001901031585959
2749_DEL_chromosome7_735981_len_-343_TyRelated	7	735981	0.0004811503514632
2384_DEL_chromosome7_8632_len_-149	7	8632	0.0002347488637657
3641_DEL_chromosome9_390980_len_-124	9	390980	0.0004148919319383
1071_DEL_chromosome4_127638_len_-1360	4	127638	0.0001519944077028
4318_INS_chromosome11_379666_len_338_TyRelated	11	379666	0.0005837768733644
3510_DEL_chromosome9_196653_len_-371_TyRelated	9	196653	0.0002995366800203
1547_DEL_chromosome4_1154716_len_-8238	4	1154716	0.000181000190293
6450_DEL_chromosome16_769319_len_-341_TyRelated	16	769319	0.0006112529294612
3641_DEL_chromosome9_390980_len_-124	9	390980	3.44121318288536e-05
1145_CONTR_chromosome4_384492_len_142	4	384492	0.0002783437367014
214_DUP_chromosome1_198466_len_204	1	198466	0.0001723737917374
1231_DEL_chromosome4_513258_len_-325	4	513258	0.0001429755250783
1547_DEL_chromosome4_1154716_len_-8238	4	1154716	9.83224294357473e-05
1468_DEL_chromosome4_981492_len_-11207_TyRelated	4	981492	0.0005525277990489
2932_DEL_chromosome7_1072906_len_-202	7	1072906	0.0008777876538856
1231_DEL_chromosome4_513258_len_-325	4	513258	0.0001963115605067
1231_DEL_chromosome4_513258_len_-325	4	513258	0.0004595512413873
6099_DEL_chromosome15_970285_len_-5975_TyRelated	15	970285	0.0003893387455834
3049_INS_chromosome8_133119_len_337_TyRelated	8	133119	0.0003320858012151
1251_DEL_chromosome4_520473_len_-332	4	520473	0.0004625306776543
5355_INS_chromosome13_917889_len_12867	13	917889	0.0001445411877966
3198_DEL_chromosome8_389176_len_-334_TyRelated	8	389176	0.0004088030451749
1128_INS_chromosome4_383993_len_942	4	383993	0.0001122668979632
1968_DEL_chromosome5_431489_len_-334_TyRelated	5	431489	0.0005231532827714
3049_INS_chromosome8_133119_len_337_TyRelated	8	133119	8.45800987240806e-05
5954_INS_chromosome15_487424_len_338_TyRelated	15	487424	0.0002871231164094
1146_INS_chromosome4_384494_len_244	4	384494	0.0003006821790864
3641_DEL_chromosome9_390980_len_-124	9	390980	0.0001303191940625
2936_INS_chromosome7_1076129_len_11750	7	1076129	0.0001347516522655
2936_INS_chromosome7_1076129_len_11750	7	1076129	0.000131986708806
1264_DEL_chromosome4_530731_len_-4477	4	530731	0.0001888204438605
1264_DEL_chromosome4_530731_len_-4477	4	530731	0.0007257342444048
1889_INS_chromosome5_207344_len_340_TyRelated	5	207344	0.0002823892522657
904_DUP_chromosome3_269958_len_127	3	269958	3.24103553058054e-05
265_DEL_chromosome1_206644_len_-12316	1	206644	0.000299191298102
214_DUP_chromosome1_198466_len_204	1	198466	0.0001846878363512
5539_INS_chromosome14_561443_len_328_TyRelated	14	561443	0.0001521272348408
5954_INS_chromosome15_487424_len_338_TyRelated	15	487424	8.66472954388046e-05
4599_INS_chromosome12_366135_len_329_TyRelated	12	366135	0.0009740844546063
1977_DEL_chromosome5_434630_len_-342_TyRelated	5	434630	0.0004919099655168
1071_DEL_chromosome4_127638_len_-1360	4	127638	0.0001397546623903
3559_DUP_chromosome9_300429_len_255	9	300429	0.0001151132108705
1231_DEL_chromosome4_513258_len_-325	4	513258	0.0001324124219073
3668_DEL_chromosome9_392253_len_-602	9	392253	2.40699075835144e-05
2775_DEL_chromosome7_778956_len_-156	7	778956	0.0005995064225387
2778_INS_chromosome7_779330_len_327_TyRelated	7	779330	0.0008002955254818
5539_INS_chromosome14_561443_len_328_TyRelated	14	561443	7.77804852066594e-05
938_INS_chromosome3_295227_len_399_TyRelated	3	295227	0.0007473943663697
3049_INS_chromosome8_133119_len_337_TyRelated	8	133119	0.0003985406744485
939_DUP_chromosome3_295227_len_100	3	295227	0.0001333077310162
3145_INS_chromosome8_213988_len_7923	8	213988	0.0005916550931132
3636_CONTR_chromosome9_390772_len_138	9	390772	0.0001525183844744
1146_INS_chromosome4_384494_len_244	4	384494	0.0001631640368047
3641_DEL_chromosome9_390980_len_-124	9	390980	0.0005101979953585
3618_DEL_chromosome9_382842_len_-95	9	382842	0.0003016794587872
1827_DEL_chromosome5_135608_len_-332_TyRelated	5	135608	0.0002550245737482
1977_DEL_chromosome5_434630_len_-342_TyRelated	5	434630	0.0001754199785021
794_DEL_chromosome3_124133_len_-333	3	124133	0.0001939312688977
1307_DEL_chromosome4_628742_len_-133	4	628742	0.0003743289900791
214_DUP_chromosome1_198466_len_204	1	198466	0.0003486720912337
1392_DEL_chromosome4_802920_len_-2935_TyRelated	4	802920	0.000368732896572
1231_DEL_chromosome4_513258_len_-325	4	513258	0.0005731836099956
5266_INS_chromosome13_609802_len_415	13	609802	8.12947493775046e-05
2936_INS_chromosome7_1076129_len_11750	7	1076129	0.0001736832031469
3641_DEL_chromosome9_390980_len_-124	9	390980	0.0002004227382237
4990_TRA_chromosome13_6184_len_8381	13	6184	0.000679686690862
1827_DEL_chromosome5_135608_len_-332_TyRelated	5	135608	0.0004304388568342
1146_INS_chromosome4_384494_len_244	4	384494	0.0002942858269216
2048_INS_chromosome5_449884_len_329_TyRelated	5	449884	0.0001460083934439
1251_DEL_chromosome4_520473_len_-332	4	520473	0.0006593895753644
5287_DUP_chromosome13_768038_len_61	13	768038	0.0003178594435717
1231_DEL_chromosome4_513258_len_-325	4	513258	0.0003802243791303
3349_DEL_chromosome8_556716_len_-5740	8	556716	0.000290154333182
2510_DEL_chromosome7_319422_len_-339_TyRelated	7	319422	0.0003100256667002
2778_INS_chromosome7_779330_len_327_TyRelated	7	779330	0.00039952785092
1264_DEL_chromosome4_530731_len_-4477	4	530731	1.18125280558015e-05
2932_DEL_chromosome7_1072906_len_-202	7	1072906	0.0001281562431083
1146_INS_chromosome4_384494_len_244	4	384494	0.0006056164802615
3668_DEL_chromosome9_392253_len_-602	9	392253	0.0002857030224077
4417_DEL_chromosome11_647337_len_-654	11	647337	0.0002433464258179
1778_DEL_chromosome5_62141_len_-334_TyRelated	5	62141	7.53516553580916e-05
2778_INS_chromosome7_779330_len_327_TyRelated	7	779330	0.0004065899237627
6099_DEL_chromosome15_970285_len_-5975_TyRelated	15	970285	0.0004704241735184
5539_INS_chromosome14_561443_len_328_TyRelated	14	561443	0.0007680903446841
3668_DEL_chromosome9_392253_len_-602	9	392253	0.0006742603980227
3559_DUP_chromosome9_300429_len_255	9	300429	6.89757598487322e-05
3563_INS_chromosome9_300684_len_1557	9	300684	0.0002966059848237
4703_INS_chromosome12_489480_len_19388	12	489480	0.0003184789564277
779_INS_chromosome3_90843_len_338_TyRelated	3	90843	0.0003105059286237
1561_DEL_chromosome4_1175315_len_-333	4	1175315	0.0010237857997876
4910_INS_chromosome12_976255_len_139	12	976255	0.0001893263672792
1231_DEL_chromosome4_513258_len_-325	4	513258	0.0003429160093615
1968_DEL_chromosome5_431489_len_-334_TyRelated	5	431489	0.0001874482070831
1119_DEL_chromosome4_383482_len_-425	4	383482	9.26230089977814e-06
2775_DEL_chromosome7_778956_len_-156	7	778956	0.0003576419582891
4912_INS_chromosome12_976257_len_137	12	976257	0.0006959937900264
1231_DEL_chromosome4_513258_len_-325	4	513258	2.35247807999272e-05
2932_DEL_chromosome7_1072906_len_-202	7	1072906	0.0003943255866989
3049_INS_chromosome8_133119_len_337_TyRelated	8	133119	0.0006408138163317
4703_INS_chromosome12_489480_len_19388	12	489480	0.0004988883048818
3049_INS_chromosome8_133119_len_337_TyRelated	8	133119	0.0002572524363561
1778_DEL_chromosome5_62141_len_-334_TyRelated	5	62141	0.0001609837132444
1231_DEL_chromosome4_513258_len_-325	4	513258	0.0004853093574267
2291_CONTR_chromosome6_178166_len_141	6	178166	0.0005876730220475
5107_INS_chromosome13_321292_len_329_TyRelated	13	321292	0.0007365813924513
4684_INS_chromosome12_468943_len_8990	12	468943	0.0007965478756951
1264_DEL_chromosome4_530731_len_-4477	4	530731	0.0004456535300066
2510_DEL_chromosome7_319422_len_-339_TyRelated	7	319422	0.000140292003144
3510_DEL_chromosome9_196653_len_-371_TyRelated	9	196653	0.0002246100008247
2936_INS_chromosome7_1076129_len_11750	7	1076129	0.0004889327612826
1146_INS_chromosome4_384494_len_244	4	384494	0.000524650257254
2775_DEL_chromosome7_778956_len_-156	7	778956	0.0006224446574572
577_DEL_chromosome2_643488_len_-370_TyRelated	2	643488	0.0008803901915457
1547_DEL_chromosome4_1154716_len_-8238	4	1154716	0.0003912127309244
742_INS_chromosome3_82707_len_3619_TyRelated	3	82707	0.0007280496430298
2778_INS_chromosome7_779330_len_327_TyRelated	7	779330	6.2418006219414e-05
3049_INS_chromosome8_133119_len_337_TyRelated	8	133119	0.000177789465046
5954_INS_chromosome15_487424_len_338_TyRelated	15	487424	1.4372295014374e-05
3085_DEL_chromosome8_193546_len_-532	8	193546	9.91469038635634e-05
2231_INS_chromosome6_101360_len_338_TyRelated	6	101360	0.0005691223567007
1561_DEL_chromosome4_1175315_len_-333	4	1175315	6.69162925275307e-05
5954_INS_chromosome15_487424_len_338_TyRelated	15	487424	0.0001367865088859
4417_DEL_chromosome11_647337_len_-654	11	647337	0.0001592144358794
1977_DEL_chromosome5_434630_len_-342_TyRelated	5	434630	0.0001966363228472
2048_INS_chromosome5_449884_len_329_TyRelated	5	449884	0.0004737850195544
4318_INS_chromosome11_379666_len_338_TyRelated	11	379666	0.0003060868381156
4684_INS_chromosome12_468943_len_8990	12	468943	0.0005677193699893
5954_INS_chromosome15_487424_len_338_TyRelated	15	487424	2.54235883636751e-05
4781_INS_chromosome12_687944_len_6302_TyRelated	12	687944	0.000570062788522
1231_DEL_chromosome4_513258_len_-325	4	513258	1.56931596394844e-05
1231_DEL_chromosome4_513258_len_-325	4	513258	8.30202359800716e-05
4115_INS_chromosome10_729995_len_5443	10	729995	0.0005407857209695
5188_INS_chromosome13_480881_len_330	13	480881	0.0002409923074814
1827_DEL_chromosome5_135608_len_-332_TyRelated	5	135608	0.000417435148411
3920_INS_chromosome10_374892_len_368_TyRelated	10	374892	0.0005875928008809
1231_DEL_chromosome4_513258_len_-325	4	513258	0.00010375059618
2778_INS_chromosome7_779330_len_327_TyRelated	7	779330	7.07810471564376e-05
4935_INS_chromosome12_1052239_len_320	12	1052239	0.000364032078275
3151_CONTR_chromosome8_214253_len_1985	8	214253	0.0007319230886652
1652_INS_chromosome4_1461841_len_329_TyRelated	4	1461841	0.0002747179181563
1542_DEL_chromosome4_1151368_len_-256	4	1151368	0.0004307338392397
1231_DEL_chromosome4_513258_len_-325	4	513258	0.0004418747690641
2778_INS_chromosome7_779330_len_327_TyRelated	7	779330	0.0004870832523668
2778_INS_chromosome7_779330_len_327_TyRelated	7	779330	0.0004317239510055
1231_DEL_chromosome4_513258_len_-325	4	513258	0.000236216627154
2231_INS_chromosome6_101360_len_338_TyRelated	6	101360	0.0008021897622428
1827_DEL_chromosome5_135608_len_-332_TyRelated	5	135608	1.11615456396746e-05
3349_DEL_chromosome8_556716_len_-5740	8	556716	0.0006729563147363
942_INS_chromosome3_295361_len_329_TyRelated	3	295361	3.31002506939865e-05
169_DEL_chromosome1_182620_len_-342_TyRelated	1	182620	0.0005740642368908
3641_DEL_chromosome9_390980_len_-124	9	390980	0.000361846517289
4599_INS_chromosome12_366135_len_329_TyRelated	12	366135	0.0002156394496385
1231_DEL_chromosome4_513258_len_-325	4	513258	0.0002553210298737
2936_INS_chromosome7_1076129_len_11750	7	1076129	5.28788233294206e-05
5954_INS_chromosome15_487424_len_338_TyRelated	15	487424	0.0001532742788751
1997_DEL_chromosome5_435840_len_-438_TyRelated	5	435840	3.93145509633598e-05
2936_INS_chromosome7_1076129_len_11750	7	1076129	9.49132157102374e-05
4912_INS_chromosome12_976257_len_137	12	976257	0.0004148553205412
3049_INS_chromosome8_133119_len_337_TyRelated	8	133119	0.0003870701802356
214_DUP_chromosome1_198466_len_204	1	198466	3.36096755020544e-05
2010_INS_chromosome5_436372_len_329_TyRelated	5	436372	0.0002778923478359
4684_INS_chromosome12_468943_len_8990	12	468943	0.0003103399405173
2936_INS_chromosome7_1076129_len_11750	7	1076129	0.0006227821010198
1889_INS_chromosome5_207344_len_340_TyRelated	5	207344	0.0002279459107353
4374_DEL_chromosome11_517455_len_-330_TyRelated	11	517455	0.0003795129516722
6480_DUP_chromosome16_786403_len_50	16	786403	3.1659364251522e-05
3453_DEL_chromosome9_30406_len_-229	9	30406	0.0005202560801037
5921_INS_chromosome15_385209_len_118	15	385209	0.0001878593180978
372_DEL_chromosome2_9092_len_-337_TyRelated	2	9092	0.0002552266024158
942_INS_chromosome3_295361_len_329_TyRelated	3	295361	0.0002982830276084
1827_DEL_chromosome5_135608_len_-332_TyRelated	5	135608	0.0002830092267675
1827_DEL_chromosome5_135608_len_-332_TyRelated	5	135608	0.0004501644451106
5935_INS_chromosome15_438304_len_329_TyRelated	15	438304	0.0005925563215487
6018_DEL_chromosome15_664813_len_-334_TyRelated	15	664813	2.78543034379209e-05
2065_DEL_chromosome5_487833_len_-333_TyRelated	5	487833	0.0003410828214219
2845_INS_chromosome7_879093_len_329_TyRelated	7	879093	9.92574729421401e-05
4705_INS_chromosome12_489480_len_1066	12	489480	0.0005747990153309
1778_DEL_chromosome5_62141_len_-334_TyRelated	5	62141	0.0003967210000885
1128_INS_chromosome4_383993_len_942	4	383993	0.000529861552009
2784_INS_chromosome7_793890_len_135	7	793890	0.0001542150439428
156_INS_chromosome1_180847_len_330_TyRelated	1	180847	7.97360756141147e-05
3559_DUP_chromosome9_300429_len_255	9	300429	0.0002584265430103
5954_INS_chromosome15_487424_len_338_TyRelated	15	487424	1.4482099957364e-05
1119_DEL_chromosome4_383482_len_-425	4	383482	0.0007450960294126
4703_INS_chromosome12_489480_len_19388	12	489480	0.000522799293492
5502_DEL_chromosome14_503833_len_-107	14	503833	0.0003010131850154
2048_INS_chromosome5_449884_len_329_TyRelated	5	449884	0.0002240118194179
1977_DEL_chromosome5_434630_len_-342_TyRelated	5	434630	0.0004425505254696
6099_DEL_chromosome15_970285_len_-5975_TyRelated	15	970285	0.0005087207569495
1231_DEL_chromosome4_513258_len_-325	4	513258	0.0006000907541814
1231_DEL_chromosome4_513258_len_-325	4	513258	2.7420257873086e-05
3160_INS_chromosome8_237993_len_406_TyRelated	8	237993	0.0002470977294245
741_DEL_chromosome3_82700_len_-337	3	82700	0.0006586983465542
6107_INS_chromosome15_976377_len_311_TyRelated	15	976377	0.0003409887314851
1251_DEL_chromosome4_520473_len_-332	4	520473	0.0002865701143736
1231_DEL_chromosome4_513258_len_-325	4	513258	0.0004031118531432
159_INS_chromosome1_181124_len_672_TyRelated	1	181124	0.0002526780367644
2048_INS_chromosome5_449884_len_329_TyRelated	5	449884	0.0003056250356862
3920_INS_chromosome10_374892_len_368_TyRelated	10	374892	0.0002744429757206
214_DUP_chromosome1_198466_len_204	1	198466	0.0002988313755889
1392_DEL_chromosome4_802920_len_-2935_TyRelated	4	802920	0.0001749879372178
1977_DEL_chromosome5_434630_len_-342_TyRelated	5	434630	9.71983751069578e-05
5212_INS_chromosome13_512864_len_125	13	512864	0.0002455872619615
1547_DEL_chromosome4_1154716_len_-8238	4	1154716	0.0001220505002735
3920_INS_chromosome10_374892_len_368_TyRelated	10	374892	0.0002795501569836
5838_INS_chromosome15_227137_len_329_TyRelated	15	227137	1.9078032350656e-05
1231_DEL_chromosome4_513258_len_-325	4	513258	0.000234994953511
2048_INS_chromosome5_449884_len_329_TyRelated	5	449884	0.0007686318512719
2778_INS_chromosome7_779330_len_327_TyRelated	7	779330	8.56916942823899e-05
2010_INS_chromosome5_436372_len_329_TyRelated	5	436372	0.000417255199061
419_INS_chromosome2_197384_len_329_TyRelated	2	197384	0.000410463011616
3920_INS_chromosome10_374892_len_368_TyRelated	10	374892	0.0002591817031979
5539_INS_chromosome14_561443_len_328_TyRelated	14	561443	0.0004849915355032
1231_DEL_chromosome4_513258_len_-325	4	513258	0.0007267313483791
5314_DEL_chromosome13_808536_len_-371_TyRelated	13	808536	0.0005378915892436
3151_CONTR_chromosome8_214253_len_1985	8	214253	4.96166092198282e-05
1231_DEL_chromosome4_513258_len_-325	4	513258	0.0002714441286637
5502_DEL_chromosome14_503833_len_-107	14	503833	0.0003134642327514
1561_DEL_chromosome4_1175315_len_-333	4	1175315	0.0004766580333917
1307_DEL_chromosome4_628742_len_-133	4	628742	0.0004740588592344
159_INS_chromosome1_181124_len_672_TyRelated	1	181124	0.0005576362515979
6099_DEL_chromosome15_970285_len_-5975_TyRelated	15	970285	0.0002835412341688
1333_DEL_chromosome4_668096_len_-341_TyRelated	4	668096	0.000241678238401
3049_INS_chromosome8_133119_len_337_TyRelated	8	133119	0.0004899034433221
909_DUP_chromosome3_269960_len_117	3	269960	0.0005222579296715
4990_TRA_chromosome13_6184_len_8381	13	6184	0.0001420987607315
1468_DEL_chromosome4_981492_len_-11207_TyRelated	4	981492	0.0001434938350534
4116_DEL_chromosome10_729995_len_-13296	10	729995	0.0008781988526828
3920_INS_chromosome10_374892_len_368_TyRelated	10	374892	2.32048800457296e-05
6030_DEL_chromosome15_703507_len_-194	15	703507	0.0007278506620412
6116_DEL_chromosome15_980259_len_-324	15	980259	0.0010432652390809
4684_INS_chromosome12_468943_len_8990	12	468943	0.0001353710885004
3071_DEL_chromosome8_146330_len_-342_TyRelated	8	146330	4.97339607032947e-05
3559_DUP_chromosome9_300429_len_255	9	300429	0.0001948540658698
1231_DEL_chromosome4_513258_len_-325	4	513258	0.0002398316143367
1778_DEL_chromosome5_62141_len_-334_TyRelated	5	62141	0.00044523954807
1827_DEL_chromosome5_135608_len_-332_TyRelated	5	135608	0.0004475077172753
3559_DUP_chromosome9_300429_len_255	9	300429	0.0002922301325343
1121_DEL_chromosome4_383487_len_-110	4	383487	0.0003350566666729
1183_DEL_chromosome4_435288_len_-97	4	435288	0.0004272318149135
1183_DEL_chromosome4_435288_len_-97	4	435288	0.0001399020168955
577_DEL_chromosome2_643488_len_-370_TyRelated	2	643488	0.0004311760027314
3138_DUP_chromosome8_212057_len_1931	8	212057	0.0001839613921375
779_INS_chromosome3_90843_len_338_TyRelated	3	90843	0.0002837299768459
1827_DEL_chromosome5_135608_len_-332_TyRelated	5	135608	0.0006134351483006
6116_DEL_chromosome15_980259_len_-324	15	980259	9.03297305519442e-05
4876_INS_chromosome12_818474_len_329_TyRelated	12	818474	0.0005136501098069
3266_DEL_chromosome8_525522_len_-13836	8	525522	0.0005952695916604
2775_DEL_chromosome7_778956_len_-156	7	778956	0.0004777060797188
942_INS_chromosome3_295361_len_329_TyRelated	3	295361	0.0002271723976921
4374_DEL_chromosome11_517455_len_-330_TyRelated	11	517455	0.000419241967823
3025_INS_chromosome8_85388_len_168	8	85388	0.0002432703629806
1977_DEL_chromosome5_434630_len_-342_TyRelated	5	434630	0.0002892932472994
5314_DEL_chromosome13_808536_len_-371_TyRelated	13	808536	0.0003606001434773
3139_DUP_chromosome8_212057_len_1931	8	212057	0.0001076486028375
2775_DEL_chromosome7_778956_len_-156	7	778956	0.0003346860184649
5188_INS_chromosome13_480881_len_330	13	480881	0.0002918980703304
4417_DEL_chromosome11_647337_len_-654	11	647337	9.33309249684352e-05
6116_DEL_chromosome15_980259_len_-324	15	980259	3.89120243038335e-05
2510_DEL_chromosome7_319422_len_-339_TyRelated	7	319422	0.000343956249402
3641_DEL_chromosome9_390980_len_-124	9	390980	7.12374775992924e-05
1231_DEL_chromosome4_513258_len_-325	4	513258	0.000160982613146
3920_INS_chromosome10_374892_len_368_TyRelated	10	374892	3.89245072648776e-05
4705_INS_chromosome12_489480_len_1066	12	489480	0.0002331711105436
2384_DEL_chromosome7_8632_len_-149	7	8632	0.0001348854070153
3895_INS_chromosome10_354639_len_330_TyRelated	10	354639	0.0001524817718466
1542_DEL_chromosome4_1151368_len_-256	4	1151368	0.0001572881881844
1997_DEL_chromosome5_435840_len_-438_TyRelated	5	435840	0.0003782194713661
4607_DEL_chromosome12_373998_len_-341_TyRelated	12	373998	4.04477096475793e-05
2775_DEL_chromosome7_778956_len_-156	7	778956	0.0002145347575519
2936_INS_chromosome7_1076129_len_11750	7	1076129	0.0004825576055886
1231_DEL_chromosome4_513258_len_-325	4	513258	0.0001028025380006
2048_INS_chromosome5_449884_len_329_TyRelated	5	449884	0.000109456849857
3559_DUP_chromosome9_300429_len_255	9	300429	0.0005937229665543
4910_INS_chromosome12_976255_len_139	12	976255	0.0007059866584778
3025_INS_chromosome8_85388_len_168	8	85388	0.0004708036778294
3641_DEL_chromosome9_390980_len_-124	9	390980	3.12918728545782e-05
6497_INS_chromosome16_819448_len_330_TyRelated	16	819448	0.0002485038051235
5954_INS_chromosome15_487424_len_338_TyRelated	15	487424	0.0002790404327604
3559_DUP_chromosome9_300429_len_255	9	300429	0.0003142448182779
1977_DEL_chromosome5_434630_len_-342_TyRelated	5	434630	0.0001939038418976
2936_INS_chromosome7_1076129_len_11750	7	1076129	0.0003373244163468
5724_DUP_chromosome15_29598_len_82	15	29598	0.0003875694067134
5954_INS_chromosome15_487424_len_338_TyRelated	15	487424	6.13793321836361e-05
3323_DEL_chromosome8_543610_len_-6028_TyRelated	8	543610	0.0001547853384569
2547_DEL_chromosome7_402267_len_-2961	7	402267	0.0004518786719924
3641_DEL_chromosome9_390980_len_-124	9	390980	0.0001654070054131
5954_INS_chromosome15_487424_len_338_TyRelated	15	487424	1.471601201919e-05
4328_INS_chromosome11_389144_len_183	11	389144	0.000485530971242
2778_INS_chromosome7_779330_len_327_TyRelated	7	779330	0.0004657030482403
3920_INS_chromosome10_374892_len_368_TyRelated	10	374892	0.0002564355785809
3263_INS_chromosome8_525463_len_1167	8	525463	0.000480991024321
1827_DEL_chromosome5_135608_len_-332_TyRelated	5	135608	0.0001642612734865
1561_DEL_chromosome4_1175315_len_-333	4	1175315	0.0001421816690922
2384_DEL_chromosome7_8632_len_-149	7	8632	0.0006662252161101
5954_INS_chromosome15_487424_len_338_TyRelated	15	487424	0.0004707816694156
1889_INS_chromosome5_207344_len_340_TyRelated	5	207344	5.27893152814387e-05
3641_DEL_chromosome9_390980_len_-124	9	390980	0.0004974986541509
1827_DEL_chromosome5_135608_len_-332_TyRelated	5	135608	1.6469318076277e-05
5954_INS_chromosome15_487424_len_338_TyRelated	15	487424	0.0003237279458505
909_DUP_chromosome3_269960_len_117	3	269960	3.41395571189664e-05
4539_DUP_chromosome12_103590_len_211	12	103590	0.0007410499226649
3266_DEL_chromosome8_525522_len_-13836	8	525522	0.0005901558621818
1231_DEL_chromosome4_513258_len_-325	4	513258	0.0001031820450135
4374_DEL_chromosome11_517455_len_-330_TyRelated	11	517455	0.0004439135312668
3151_CONTR_chromosome8_214253_len_1985	8	214253	0.0007605795584186
2778_INS_chromosome7_779330_len_327_TyRelated	7	779330	0.0004672691904622
1251_DEL_chromosome4_520473_len_-332	4	520473	3.70150199056834e-05
2778_INS_chromosome7_779330_len_327_TyRelated	7	779330	7.02733330681618e-05
2048_INS_chromosome5_449884_len_329_TyRelated	5	449884	0.0001209335521079
1231_DEL_chromosome4_513258_len_-325	4	513258	0.0003440207609883
1071_DEL_chromosome4_127638_len_-1360	4	127638	0.0006785191995288
4417_DEL_chromosome11_647337_len_-654	11	647337	0.0002989853445122
3920_INS_chromosome10_374892_len_368_TyRelated	10	374892	0.000402179425464
4706_DEL_chromosome12_489480_len_-273	12	489480	0.0004382307892001
1547_DEL_chromosome4_1154716_len_-8238	4	1154716	0.0007086239258172
1231_DEL_chromosome4_513258_len_-325	4	513258	0.0006111995898468
3920_INS_chromosome10_374892_len_368_TyRelated	10	374892	0.0002445785870727
214_DUP_chromosome1_198466_len_204	1	198466	0.0002412875424953
5539_INS_chromosome14_561443_len_328_TyRelated	14	561443	0.0003438895207177
