SNP	CHR	BP	P
rsYIL177W-A	9	846	0.0002862712904687
rsYMR172C-A	13	607828	0.0005891462789064
rsYBL113C	2	280	0.0003004265279673
rsYBL112C	2	2582	0.0003004265279673
rsYBL111C	2	2907	0.0010152590739728
rsYDR210W-A	4	872112	0.000241035737026
rsYIR019C	9	389572	0.0001270670494227
rsYHR218W	8	558014	0.0002228330419797
rsYHR217C	8	556581	0.000328326720259
rsYHR217C	8	556581	0.0004334607281291
rsYJR151C	10	712255	0.0001673531082563
rsYHR217C	8	556581	0.0004213496635873
rsYHR215W	8	552099	0.0008093067821373
rsYPR203W	16	943880	0.0003628928213244
rsYGR138C	7	763762	0.0005000131242103
rsYLR410W	12	937541	2.48056043474783e-05
rsYOL160W	15	14313	7.26909660124005e-05
rsYOL159C-A	15	15233	7.26909660124005e-05
rsYJR154W	10	725784	0.0001155328559462
rsYHL049C	8	3726	0.0002467847289587
rsYBR300C	2	808600	2.93023618472856e-05
rsYBR301W	2	809057	2.93023618472856e-05
rsYBR298C-A	2	805035	0.0005075341186154
rsYBR299W	2	805351	0.0005075341186154
rsYDR210W-A	4	872112	0.0006273604478357
rsYGL262W	7	5312	9.21944842276989e-05
rsYJR150C	10	708811	0.0001235416790113
rsYHR218W	8	558014	0.0002482711252046
rsYFL053W	6	23423	0.0007613034193664
rsYJL215C	10	26412	0.0002049109498351
rsYNR070W	14	765375	0.0001626775978525
rsYNR068C	14	760067	0.0002194187158862
rsYNR069C	14	761123	0.0002194187158862
rsYPR204W	16	944603	4.70842343079926e-05
rsYMR325W	13	922641	0.0001856687467255
rsYHR218W	8	558014	0.0003037920079414
rsYMR326C	13	923494	0.000106673147599
rsYGL025C	7	448764	0.0003226111027891
rsYGL024W	7	449788	0.0003226111027891
rsYGL023C	7	450197	0.0003226111027891
rsYHR219C-A	8	561199	0.0001790990840867
rsYHR219W	8	560173	0.0001790990840867
rsYHR218W-A	8	559932	0.0002008854351803
rsYHR218W	8	558014	0.0004770919225474
rsYLR410W	12	937541	0.0004373574899715
rsYMR325W	13	922641	9.15592263905893e-05
rsYHR213W-B	8	540800	0.0003946272558366
rsYOR390W	15	1076784	0.0005598422478508
rsYDL244W	4	16204	0.000241398112477
rsYBL112C	2	2582	7.82505515924584e-05
rsYBL113C	2	280	7.82505515924584e-05
rsYBL111C	2	2907	0.0002069605862817
rsYBL113C	2	280	0.0004029587184511
rsYBL112C	2	2582	0.0004029587184511
rsYDL039C	4	381985	9.35240500053005e-05
rsYHR214W	8	541651	0.0001118570945848
rsYJR150C	10	708811	0.0001373447555052
rsYBR297W	2	800523	0.0003210244174569
rsYOR387C	15	1069621	0.0004294777087878
rsYPL204W	16	164276	0.0005611362615747
rsYPL203W	16	166256	0.0005611362615747
rsYPR035W	16	642208	0.0003098564420303
rsYJL225C	10	466	0.0002929616688958
rsYPL204W	16	164276	0.0004182630665675
rsYPL203W	16	166256	0.0004182630665675
rsYBR297W	2	800523	5.38638879232425e-06
rsYBR298C-A	2	805035	0.0004212236389332
rsYBR299W	2	805351	0.0004212236389332
rsYDR032C	4	504099	0.0003038257458425
rsYDR210W-A	4	872112	9.52213373068819e-06
rsYPL283W-B	16	643	0.0004642656386444
rsYPL283W-A	16	1426	0.0007039332072564
rsYCR107W	3	313890	9.4124684325229e-05
rsYJL225C	10	466	0.0002003110811214
rsYML133C	13	461	0.0004557691658905
rsYDR037W	4	525440	0.0002320367323983
rsYPL273W	16	25087	0.0004070694992728
rsYPL274W	16	22938	0.0004070694992728
rsYDR032C	4	504099	8.29656392469568e-05
rsYJR154W	10	725784	0.0005467525968936
rsYJR151C	10	712255	0.0001475342032146
rsYHR046C	8	197398	0.0003704283565815
rsYHR045W	8	195551	0.0003704283565815
rsYIR033W	9	416124	0.000205562473036
rsYMR326C	13	923494	0.0001305087391072
rsYMR325W	13	922641	0.0001950693281567
rsYBL107C	2	9961	0.0002681271503673
rsYDR032C	4	504099	0.0003094158460842
rsYAR035W	1	190193	4.86730387177265e-05
rsYDR037W	4	525440	0.0003439653379082
rsYER133W	5	432495	0.0007237859598192
rsYHR217C	8	556581	0.0006415824442844
rsYAL067W-A	1	2480	0.0002973568524833
rsYHL050W-A	8	811	6.26657672395938e-05
rsYNL017C	14	602138	2.30478572702307e-05
rsYNL018C	14	599936	7.77408914641894e-05
rsYJR150C	10	708811	0.0001426133918914
rsYEL073C	5	7230	0.0002552100862549
rsYBL111C	2	2907	0.0003322817799094
rsYHR218W-A	8	559932	0.0002275904733603
rsYHR213W-B	8	540800	0.0003394680498145
rsYHR218W	8	558014	0.0003624226027087
rsYHR214C-D	8	550648	0.0004421894860175
rsYHR214C-E	8	551200	0.0004421894860175
rsYHR219W	8	560173	0.000501747152722
rsYHR219C-A	8	561199	0.000501747152722
rsYHR217C	8	556581	0.0003188626865344
rsYCR106W	3	310958	9.2130131029675e-05
rsYCR105W	3	309070	9.2130131029675e-05
rsYJR150C	10	708811	0.0001663082908586
rsYPL277C	16	15405	0.0002416823501783
rsYPL278C	16	15053	0.0003352748494682
rsYBL111C	2	2907	4.79996787973418e-05
rsYBL112C	2	2582	0.0002366832779896
rsYBL113C	2	280	0.0002366832779896
rsYCR105W	3	309070	5.34207424500641e-05
rsYCR106W	3	310958	5.34207424500641e-05
rsYOL149W	15	44938	0.0003513830661522
rsYOL148C	15	45760	0.0003513830661522
rsYEL072W	5	13720	0.0002166349440499
rsYEL071W	5	16355	0.0002195834705363
rsYDR170W-A	4	803195	0.0009454431979062
rsYOR390W	15	1076784	1.30372481670692e-05
rsYOR388C	15	1071793	2.40793668328318e-05
rsYOR389W	15	1074213	2.80645457847454e-05
rsYIL083C	9	203556	0.0001292684029761
rsYJL225C	10	466	0.0003935562531011
rsYDR037W	4	525440	0.0003186606195541
rsYDR261W-A	4	981462	0.0005393006031947
rsYHL015W	8	75412	6.07630806192731e-05
rsYIL177C	9	483	0.0002747996347674
rsYIL177W-A	9	846	0.0003266326644733
rsYBL111C	2	2907	0.0004134354504076
rsYBL112C	2	2582	0.0004374321437099
rsYBL113C	2	280	0.0004374321437099
rsYIL177C	9	483	0.0002883682409236
rsYOR390W	15	1076784	2.10579891333859e-05
rsYOR387C	15	1069621	4.81364762416639e-05
rsYOR392W	15	1079282	0.0003753041489653
rsYDR170W-A	4	803195	0.0003427061169736
rsYMR326C	13	923494	0.0004508465890701
rsYJL225C	10	466	0.0006460476335119
rsYPR204W	16	944603	0.0004723207470498
rsYIL161W	9	39433	0.0004741342517541
rsYDR037W	4	525440	0.000167134253422
rsYDR210W-A	4	872112	0.0011308285460681
rsYJR150C	10	708811	0.0005819859037549
rsYJR151C	10	712255	0.0008713574565664
rsYJR150C	10	708811	0.0011154577645012
rsYMR325W	13	922641	4.01931943709752e-05
rsYMR326C	13	923494	0.0001205807892414
rsYBL113C	2	280	0.0003553686873412
rsYBL112C	2	2582	0.0003553686873412
rsYMR325W	13	922641	0.0015059717223449
rsYHL049C	8	3726	0.000479635029823
rsYJR161C	10	742848	0.0001832497966741
rsYNR067C	14	755746	0.0001484163888785
rsYGR137W	7	762888	0.0001366058909049
rsYEL077W-A	5	630	0.000853791114258
rsYDL173W	4	148191	0.0001181873660472
rsYDL171C	4	149203	0.0001181873660472
rsYDL172C	4	148607	0.0001181873660472
rsYJL225C	10	466	0.0001313913591201
rsYJL225W-A	10	829	0.0004830730095372
rsYJR150C	10	708811	0.0002300116483325
rsYHR045W	8	195551	0.0006967674722559
rsYHR046C	8	197398	0.0006967674722559
rsYIL177W-A	9	846	0.0005273696582079
rsYIL161W	9	39433	0.0001063107300964
rsYIL162W	9	37385	0.000125657952593
rsYIL163C	9	36899	0.000125657952593
rsYDR420W	4	1306267	0.0001259960894344
rsYBR297W	2	800523	4.06033743327069e-05
rsYPL280W	16	11887	0.0001312635273081
rsYOR387C	15	1069621	0.0001713890604608
rsYEL072W	5	13720	0.0001796816434429
rsYEL071W	5	16355	0.0002138753152181
rsYHR214W	8	541651	3.47784546353007e-05
rsYHR215W	8	552099	8.64517476742937e-05
rsYHR216W	8	554396	0.0001995808191175
rsYHR213W-B	8	540800	0.0002383538475141
rsYHR217C	8	556581	0.0002699273412466
rsYHR213W-A	8	540549	0.0003948183782312
rsYJR150C	10	708811	0.0005860431620336
rsYFL055W	6	17004	0.0006966982481696
rsYBL107W-A	2	9268	0.0005739845513601
rsYOR391C	15	1078545	0.0004087510278969
rsYML046W	13	181474	0.0006049759308081
rsYOR392W	15	1079282	0.0006841007998712
rsYBL112C	2	2582	0.0004087915930965
rsYBL113C	2	280	0.0004087915930965
rsYBL111C	2	2907	0.0005973388716584
rsYIL177C	9	483	0.0001312446884254
rsYDR170W-A	4	803195	0.000296133895676
rsYEL071W	5	16355	0.0004907443161654
rsYEL073C	5	7230	0.0002067187205183
rsYJR150C	10	708811	0.0001995265742583
rsYHR217C	8	556581	3.24459886952701e-05
rsYHR218W	8	558014	3.48290474153325e-05
rsYHR219C-A	8	561199	7.55810581561219e-05
rsYHR219W	8	560173	7.55810581561219e-05
rsYHR218W-A	8	559932	8.09244573336753e-05
rsYHR213W-B	8	540800	0.0002264851642887
rsYHR214C-E	8	551200	0.0002625971767199
rsYHR214C-D	8	550648	0.0002625971767199
rsYHR214W	8	541651	0.0003317984148465
rsYOR343W-A	15	970578	0.0002726472579441
rsYDR210W-A	4	872112	0.0006354709197483
rsYDR210W-A	4	872112	0.0002438134530058
rsYMR325W	13	922641	0.0003570018769514
rsYCR089W	3	267434	0.0003614061781791
rsYDL037C	4	384601	0.0001235249293895
rsYDL039C	4	381985	0.000346663474897
rsYLR410W	12	937541	0.0004645507209685
rsYBR297W	2	800523	0.0009288507950422
rsYIL177C	9	483	0.0001137836138562
rsYHR052W	8	210848	0.0007185654617144
rsYFL053W	6	23423	0.000208276677332
rsYPR204C-A	16	946856	0.0003377318092265
rsYHR219W	8	560173	0.0001901986332169
rsYHR219C-A	8	561199	0.0001901986332169
rsYHR218W-A	8	559932	0.0002323545932249
rsYDL039C	4	381985	0.0007810044762516
rsYMR325W	13	922641	0.0003524640202827
rsYDL244W	4	16204	0.0004179635363884
rsYDR420W	4	1306267	0.0005650272722891
rsYPR199C	16	938148	1.93705326652253e-05
rsYPR200C	16	939279	1.93705326652253e-05
rsYPR201W	16	939922	2.80631669085955e-05
rsYPR197C	16	933898	0.0004469699779766
rsYPR198W	16	934034	0.0004469699779766
rsYPR204C-A	16	946856	0.0005228684513018
rsYPR204W	16	944603	0.0006093816428564
rsYJR161C	10	742848	0.0002496757358808
rsYJL225C	10	466	5.67889151902065e-05
rsYIL177C	9	483	0.0003892544444796
rsYDR037W	4	525440	0.0004324166182168
rsYAR029W	1	186321	0.0004633239578505
rsYOR394C-A	15	1084202	0.0005719264700748
rsYHR213W-B	8	540800	0.0001787787971814
rsYIL177C	9	483	0.0003776369422799
rsYMR325W	13	922641	7.13592428105779e-05
rsYDL243C	4	17577	0.0005416772703556
rsYMR326C	13	923494	0.00077925030844
rsYHR217C	8	556581	0.0002244671756092
rsYHR219W	8	560173	0.0006074711958814
rsYHR219C-A	8	561199	0.0006074711958814
rsYIL162W	9	37385	0.000317906370883
rsYIL163C	9	36899	0.000317906370883
rsYIL161W	9	39433	0.0004997983828306
rsYJL225W-A	10	829	0.0005239914106604
rsYOL160W	15	14313	4.80607307729448e-05
rsYOL159C-A	15	15233	4.80607307729448e-05
rsYBL107W-A	2	9268	0.0006918052806632
rsYJL225C	10	466	0.000116947438342
rsYJL225W-A	10	829	0.0002911444880388
rsYBR298C	2	802631	0.0002640025960995
rsYOL148C	15	45760	0.0003419431358896
rsYOL149W	15	44938	0.0003419431358896
rsYIR020C	9	394255	0.0001146122508608
rsYOR391C	15	1078545	0.0001390345048432
rsYOR392W	15	1079282	0.0001925966354086
rsYBR297W	2	800523	7.91264070467336e-05
rsYMR326C	13	923494	0.0003169812320764
rsYMR325W	13	922641	0.000382084694934
rsYJR156C	10	728574	0.0002643872533134
rsYMR172C-A	13	607828	0.0003177079894401
rsYPR204C-A	16	946856	0.000374717397792
rsYBR302C	2	810340	0.0007053290982315
rsYLR410W	12	937541	0.0007214386958521
rsYOR387C	15	1069621	0.0002765446209759
rsYBL111C	2	2907	0.0007186410839105
rsYJR151C	10	712255	0.0001795217667569
rsYDR170W-A	4	803195	0.0003140401183884
rsYMR150C	13	561956	0.0003378337001749
rsYMR149W	13	560996	0.0003378337001749
rsYMR151W	13	562506	0.0003378337001749
rsYHL050W-A	8	811	1.93263247895154e-05
rsYGL184C	7	154615	0.0002406608217421
rsYGL183C	7	156543	0.0002406608217421
rsYIL177C	9	483	2.72074233114268e-05
rsYMR326C	13	923494	8.72743789224664e-05
rsYMR325W	13	922641	0.0002270865425195
rsYBR302C	2	810340	0.0004933435165652
rsYCR108C	3	315997	6.54393912326639e-05
rsYDR032C	4	504099	0.0001748392483934
rsYHR217C	8	556581	0.0003201968319752
rsYMR325W	13	922641	9.84357638142342e-05
rsYMR325W	13	922641	0.0003270751945811
rsYNR067C	14	755746	0.0001460971227199
rsYJL215C	10	26412	0.0003594027946808
rsYDR150W	4	755628	0.0004082529415694
rsYGL259W	7	8470	0.0002817578956066
rsYMR326C	13	923494	0.0001376452295155
rsYMR325W	13	922641	0.0003185391885562
rsYHR214C-E	8	551200	1.88404102827334e-05
rsYHR214C-D	8	550648	1.88404102827334e-05
rsYHR218W	8	558014	6.43414686126533e-05
rsYHR218W-A	8	559932	0.0001029369697955
rsYHR219C-A	8	561199	0.0002962984502388
rsYHR219W	8	560173	0.0002962984502388
rsYHR213W-B	8	540800	0.000357776227595
rsYBL112C	2	2582	1.22102892084193e-05
rsYBL113C	2	280	1.22102892084193e-05
rsYBL111C	2	2907	2.17135916121364e-05
rsYHR214C-D	8	550648	0.0004156482019052
rsYHR214C-E	8	551200	0.0004156482019052
rsYBR302C	2	810340	0.0002187662644909
rsYBL112C	2	2582	0.000335893310255
rsYBL113C	2	280	0.000335893310255
rsYBR298C-A	2	805035	4.19033351650799e-05
rsYBR299W	2	805351	4.19033351650799e-05
rsYBR300C	2	808600	0.0001743095476719
rsYBR301W	2	809057	0.0001743095476719
rsYBL113C	2	280	0.0002403169680709
rsYBL112C	2	2582	0.0002403169680709
rsYNR068C	14	760067	1.39263937619839e-05
rsYNR069C	14	761123	1.39263937619839e-05
rsYNR070W	14	765375	3.50333250680108e-05
rsYNR071C	14	770440	0.0002428144066627
rsYIR019C	9	389572	0.0003566778664871
rsYOR387C	15	1069621	0.0004023939590308
rsYJL225W-A	10	829	0.000276549631014
rsYDR261W-A	4	981462	0.0001869053919152
rsYJR150C	10	708811	0.0001214891949346
rsYGL258W-A	7	9162	0.0001491837527993
rsYGL258W	7	11110	0.0002351900089864
rsYOR391C	15	1078545	2.58445092865123e-05
rsYOR392W	15	1079282	0.0001908508253948
rsYDR170W-A	4	803195	0.0001003892771204
rsYJR150C	10	708811	7.86553147969423e-05
rsYBR302C	2	810340	0.0002900059574782
rsYOR389W	15	1074213	0.000650002857903
rsYOR390W	15	1076784	0.0006874886283331
rsYPR202W	16	943032	3.02731887670057e-05
rsYPR203W	16	943880	0.0001114608171643
rsYPR204W	16	944603	0.0003476692092142
rsYJL225C	10	466	8.86157784368626e-05
rsYMR325W	13	922641	1.74483057972393e-05
rsYMR326C	13	923494	7.18846784882045e-05
rsYIL177W-A	9	846	0.0001780282479836
rsYHR217C	8	556581	0.0002811148202851
rsYMR325W	13	922641	8.86175850241349e-06
rsYMR326C	13	923494	1.70580825207734e-05
rsYPR204C-A	16	946856	0.0006038885570758
rsYJL225C	10	466	6.09489984190733e-07
rsYJL225W-A	10	829	1.67192388243705e-05
rsYIL177W-A	9	846	0.0007926169297333
rsYJR150C	10	708811	0.0009649114254308
rsYCR105W	3	309070	0.0003643767002895
rsYCR106W	3	310958	0.0003643767002895
rsYBR297W	2	800523	3.14764862300541e-07
rsYBR298C-A	2	805035	0.0001012863627733
rsYBR299W	2	805351	0.0001012863627733
rsYBR302C	2	810340	0.0001469871431925
rsYBR298C	2	802631	0.0003324714285916
rsYBR301W	2	809057	0.0003931853405583
rsYBR300C	2	808600	0.0003931853405583
rsYIL177C	9	483	0.0007784490265192
rsYDR261W-A	4	981462	0.0002978755496371
rsYCL066W	3	13282	0.000230936921741
rsYCL065W	3	13751	0.000230936921741
rsYPR193C	16	922909	0.0003964439059228
rsYPR192W	16	921860	0.0003964439059228
rsYPR192W	16	921860	0.000351677727174
rsYPR193C	16	922909	0.000351677727174
rsYJR161C	10	742848	2.64711823609123e-05
rsYJR162C	10	744911	0.0002364769183697
rsYGL259W	7	8470	0.0007163809651706
rsYJR161C	10	742848	0.000270037581072
rsYDR170W-A	4	803195	0.0001909387730211
rsYIL161W	9	39433	0.000280261289403
rsYIL163C	9	36899	0.0003165199991141
rsYIL162W	9	37385	0.0003165199991141
rsYCR097W-A	3	294439	0.0003230824025395
rsYCR097W	3	293835	0.0003230824025395
rsYHR052W	8	210848	0.0003826893193731
rsYIR033W	9	416124	0.0003472690081595
rsYDR170W-A	4	803195	0.0011477791573419
rsYBR297W	2	800523	0.000607027747637
rsYKR102W	11	646356	0.0005089232596485
rsYBR297W	2	800523	0.0001150520606656
rsYMR151W	13	562506	0.0001508500358276
rsYMR150C	13	561956	0.0001508500358276
rsYMR149W	13	560996	0.0001508500358276
rsYJL214W	10	26887	0.0002790446593836
rsYJL215C	10	26412	0.0005827556276963
rsYJR150C	10	708811	0.0001163815420433
rsYJL215C	10	26412	0.0003114967554623
rsYEL071W	5	16355	0.0004646425093656
rsYIL161W	9	39433	0.0003801087699587
rsYCR038W-A	3	199293	9.60820449137257e-05
rsYCR039C	3	199546	9.60820449137257e-05
rsYCR038C	3	197621	0.0001224802743183
rsYPR192W	16	921860	0.0005324692381236
rsYPR193C	16	922909	0.0005324692381236
rsYNL332W	14	14832	0.0008099757622213
rsYMR172C-A	13	607828	0.0005050262551846
rsYDR032C	4	504099	5.25769048159503e-05
rsYJR156C	10	728574	0.0003731275683533
rsYHL050C	8	445	0.000158153408203
rsYHL049C	8	3726	0.0001957995942876
rsYHL050C	8	445	8.10082650600519e-05
rsYHL049C	8	3726	0.0001166712635067
rsYJR150C	10	708811	0.0002169610355105
rsYOR387C	15	1069621	0.0001712626491623
rsYOR390W	15	1076784	0.0001825775615737
rsYHR217C	8	556581	0.0002155737956372
rsYNL339C	14	371	0.000205788033216
rsYHL014C	8	76097	0.0001611303061652
rsYDR037W	4	525440	0.0002353948015408
rsYIL177W-A	9	846	6.73847545838875e-06
rsYMR326C	13	923494	5.3505324052562e-05
rsYMR325W	13	922641	5.73070182598275e-05
rsYIL177C	9	483	6.51228349417106e-05
rsYJL225C	10	466	0.0002207080342374
rsYJL225W-A	10	829	0.0003514192468499
rsYIL177C	9	483	0.0006372960427422
rsYER133W	5	432495	0.0002494709260311
rsYEL073C	5	7230	0.0005038886432605
rsYEL075W-A	5	4870	9.30656480443761e-05
rsYEL076C-A	5	4185	9.30656480443761e-05
rsYEL076C	5	4464	9.30656480443761e-05
rsYEL077C	5	264	9.30656480443761e-05
rsYJL225C	10	466	0.0001279537450173
rsYJL225W-A	10	829	0.000419246678234
rsYDR210W-A	4	872112	0.0002318831322503
rsYCR105W	3	309070	8.57764245324858e-05
rsYCR106W	3	310958	8.57764245324858e-05
rsYPR202W	16	943032	5.85469781179578e-05
rsYPR203W	16	943880	0.0004021528598934
rsYIL162W	9	37385	0.000342508584577
rsYIL163C	9	36899	0.000342508584577
rsYJR150C	10	708811	0.0001558104524739
rsYBR297W	2	800523	8.9273039629859e-05
rsYML133C	13	461	0.0002468025696587
rsYJR150C	10	708811	0.0003836076379283
rsYDL037C	4	384601	0.0004690158325255
rsYCL069W	3	9706	7.56426044995192e-05
rsYCL068C	3	11503	7.93345278100796e-05
rsYCL076W	3	1392	9.17244641715915e-05
rsYCL067C	3	12386	0.0002160830426322
rsYCL073C	3	6479	0.0003648507047475
rsYNL017C	14	602138	0.000274363939675
rsYDR012W	4	471853	0.0006195223495415
rsYNR065C	14	750350	8.12427605378839e-06
rsYCR108C	3	315997	4.69154977140815e-05
rsYHR217C	8	556581	0.000158603975669
rsYNL019C	14	598376	6.55851167267224e-06
rsYNL018C	14	599936	5.18739623303932e-05
rsYIL161W	9	39433	0.0004667739600639
rsYHL050C	8	445	0.0006384349592719
rsYHL049C	8	3726	0.0007584699676729
rsYGL260W	7	6860	0.0001908169887534
rsYGL261C	7	6290	0.0004564969355759
rsYIL177C	9	483	0.0004237299754523
rsYIL177W-A	9	846	0.0002501287477876
rsYJL225C	10	466	0.0005676111162968
rsYDR170W-A	4	803195	0.0002491234034934
rsYIL161W	9	39433	0.0006429364039593
rsYBL113C	2	280	0.0002584011207853
rsYBL112C	2	2582	0.0002584011207853
rsYDR420W	4	1306267	1.92693472517422e-05
rsYIR020C	9	394255	0.0004180786556693
rsYOR387C	15	1069621	0.0006606023267414
rsYJR150C	10	708811	0.0001925236913467
rsYOR391C	15	1078545	0.0001548147368212
rsYOR392W	15	1079282	0.0003043401892857
rsYDL243C	4	17577	2.25195006488016e-05
rsYOR387C	15	1069621	0.000360226758677
rsYHL049C	8	3726	0.0001595466569368
rsYBL111C	2	2907	0.0004966275668524
rsYBL107W-A	2	9268	0.0007799438294675
rsYOR388C	15	1071793	0.0002438791782441
rsYIL177W-A	9	846	0.0002291048342305
rsYIL177C	9	483	0.0004194735173769
rsYMR149W	13	560996	0.0002818472230694
rsYMR150C	13	561956	0.0002818472230694
rsYMR151W	13	562506	0.0002818472230694
rsYGR137W	7	762888	0.0003247770156345
rsYIL161W	9	39433	6.80408184189547e-05
rsYIL163C	9	36899	7.12693627264008e-05
rsYIL162W	9	37385	7.12693627264008e-05
rsYER133W	5	432495	0.0004460344754729
rsYJR162C	10	744911	0.0001990511122517
rsYBR297W	2	800523	0.0002726447575607
rsYOR387C	15	1069621	0.0003270096809804
rsYJR161C	10	742848	0.0005264775419239
rsYKR013W	11	463959	0.0009939903671659
rsYKR014C	11	465367	0.0009939903671659
rsYDR037W	4	525440	0.0001340457947778
rsYAL067W-A	1	2480	0.0005080887728413
rsYBR297W	2	800523	0.0007289047017397
rsYBL107W-A	2	9268	0.0002845131998965
rsYJR155W	10	727405	0.0005410337885069
rsYDR261W-A	4	981462	0.0006568393421778
rsYLR410W	12	937541	0.0002108188528896
rsYHR217C	8	556581	0.000325126280974
rsYEL073C	5	7230	0.0001727736907601
rsYEL072W	5	13720	0.0002736358562914
rsYGL024W	7	449788	0.0002591776832432
rsYGL025C	7	448764	0.0002591776832432
rsYGL023C	7	450197	0.0002591776832432
rsYHL049C	8	3726	0.0002665372449211
rsYHL050C	8	445	0.0003361901838808
rsYEL073C	5	7230	0.0003027248462394
rsYBR297W	2	800523	1.03392492399354e-06
rsYBR301W	2	809057	0.0004513105050429
rsYBR300C	2	808600	0.0004513105050429
rsYEL073C	5	7230	0.0002625416296611
rsYIR021W-A	9	398514	0.0004276787081612
rsYIR020C-B	9	397215	0.0004276787081612
rsYIR021W	9	397294	0.0004276787081612
rsYIR022W	9	398733	0.0004276787081612
rsYIR020W-A	9	394917	0.0004276787081612
rsYIR023W	9	399777	0.0004276787081612
rsYHL049C	8	3726	0.0002648698845225
rsYDR037W	4	525440	0.0006380976761992
rsYDR037W	4	525440	5.63937670812523e-06
rsYKR013W	11	463959	0.0002522303811269
rsYKR014C	11	465367	0.0002522303811269
rsYMR325W	13	922641	2.50335439627918e-05
rsYMR326C	13	923494	0.0003227564030715
rsYPR204C-A	16	946856	0.0005804574037061
rsYNR066C	14	753725	2.93129096435363e-05
rsYAL067W-A	1	2480	0.0002827180336702
rsYKR013W	11	463959	0.0002600593466221
rsYKR014C	11	465367	0.0002600593466221
rsYHL050C	8	445	0.0002304114272391
rsYHL049C	8	3726	0.0002785482943593
rsYNL017C	14	602138	0.0005662498765527
rsYNR070W	14	765375	0.0004145196049285
rsYNR068C	14	760067	0.0004990309537732
rsYNR069C	14	761123	0.0004990309537732
rsYDR170W-A	4	803195	2.09838312347242e-05
rsYDR210W-A	4	872112	0.0002055785584784
rsYAL067W-A	1	2480	1.21150926762603e-05
rsYJL214W	10	26887	0.0001490060110241
rsYEL073C	5	7230	0.0005021392396055
rsYJR162C	10	744911	0.0006615312422834
rsYEL073C	5	7230	4.45245970884018e-05
rsYEL071W	5	16355	0.0009414334134592
rsYEL072W	5	13720	0.0009504437880616
rsYEL073C	5	7230	0.0001969137608683
rsYBR300C	2	808600	0.0002653502912662
rsYBR301W	2	809057	0.0002653502912662
rsYBR298C	2	802631	0.0005284914008222
rsYBR299W	2	805351	0.0005589840058521
rsYBR298C-A	2	805035	0.0005589840058521
rsYBR297W	2	800523	0.0006012983641911
rsYEL077C	5	264	0.0007680105066908
rsYEL076C-A	5	4185	0.0007680105066908
rsYEL076C	5	4464	0.0007680105066908
rsYEL075W-A	5	4870	0.0007680105066908
rsYNR072W	14	772657	0.0002427326402424
rsYJL225C	10	466	0.0005054364016159
rsYJR154W	10	725784	0.0004444325592202
rsYOR390W	15	1076784	1.98218591855424e-05
rsYOR389W	15	1074213	0.0001453331230086
rsYEL071W	5	16355	0.0003189300382483
rsYEL077W-A	5	630	0.0003413681888151
rsYEL073C	5	7230	0.0004806353951333
rsYOR390W	15	1076784	0.000247336211507
rsYMR326C	13	923494	0.0001057873028185
rsYMR325W	13	922641	0.000503573779738
rsYHL050W-A	8	811	0.0003929298062764
rsYJR150C	10	708811	7.47368483053844e-07
rsYJR150C	10	708811	0.0007067478790662
rsYPR204C-A	16	946856	0.0003521517408302
rsYDR170W-A	4	803195	0.0003646329520005
rsYBR297W	2	800523	0.0002666572646578
rsYCR106W	3	310958	0.0002858774896151
rsYCR105W	3	309070	0.0002858774896151
rsYPL279C	16	13228	0.0002250071457741
rsYEL071W	5	16355	2.26920734454387e-05
rsYEL072W	5	13720	0.0002468307743535
rsYOR389W	15	1074213	0.0003275465770517
rsYHR218W-A	8	559932	6.35827760384858e-05
rsYHR219C-A	8	561199	0.0001066550675976
rsYHR219W	8	560173	0.0001066550675976
rsYHR218W	8	558014	0.0001106921907621
rsYHR214C-D	8	550648	0.0002847130221355
rsYHR214C-E	8	551200	0.0002847130221355
rsYPR204W	16	944603	6.38633297327691e-05
rsYPR203W	16	943880	0.0005015121195767
rsYJL225C	10	466	9.72448636978054e-05
rsYJL225W-A	10	829	0.000163756887872
rsYGL183C	7	156543	0.0007261066244422
rsYGL184C	7	154615	0.0007261066244422
rsYGL025C	7	448764	0.0002116170797657
rsYGL024W	7	449788	0.0002116170797657
rsYGL023C	7	450197	0.0002116170797657
rsYPR203W	16	943880	0.0002126646401519
rsYPR202W	16	943032	0.0006038131674884
rsYIL177C	9	483	9.0300824480181e-05
rsYIL177W-A	9	846	0.0001793743714733
rsYHR218W	8	558014	0.0006132005416272
rsYHR218W-A	8	559932	0.0006309148187269
rsYJR150C	10	708811	7.62610627879618e-05
rsYAR029W	1	186321	0.0006992168437371
rsYJL225C	10	466	7.25560219073876e-05
rsYIL177C	9	483	0.0004489947163645
rsYBR297W	2	800523	0.0001174159447998
rsYAR029W	1	186321	0.0004118929473766
rsYBR298C	2	802631	0.0005901050153059
rsYAR030C	1	186512	0.0010839476548689
rsYAR028W	1	184892	0.001204047514297
rsYPL277C	16	15405	0.0003329703917123
rsYJL215C	10	26412	8.78238554388306e-05
rsYJL214W	10	26887	0.0001885792275298
rsYOR392W	15	1079282	0.0002019280288401
rsYOR391C	15	1078545	0.0003511857616541
rsYPR204C-A	16	946856	0.0003149229852224
rsYPL282C	16	7933	0.0003395954799053
rsYPL283C	16	280	0.0004151046240931
rsYBL111C	2	2907	0.0003301466384084
rsYDR170W-A	4	803195	0.0002087745540209
rsYHR052W	8	210848	0.0001313394987192
rsYDR210W-A	4	872112	0.0004562695224364
rsYIL162W	9	37385	8.44638560326301e-05
rsYIL163C	9	36899	8.44638560326301e-05
rsYIL161W	9	39433	5.15975006361875e-05
rsYIL162W	9	37385	0.0004014047603877
rsYIL163C	9	36899	0.0004014047603877
rsYCL073C	3	6479	0.0002518204234182
rsYCL068C	3	11503	0.0003746708449474
rsYCL069W	3	9706	0.0005541962666242
rsYHR217C	8	556581	7.59790112267677e-05
rsYPR202W	16	943032	0.0001268773227403
rsYDL244W	4	16204	0.0005012249761934
rsYIL083C	9	203556	0.0003718011188902
rsYMR325W	13	922641	2.61317898345584e-05
rsYMR325W	13	922641	9.30691777128091e-05
rsYAR030C	1	186512	0.0003689978435203
rsYHL049C	8	3726	0.0004411292819711
rsYHL050C	8	445	0.000612061010836
rsYPR204C-A	16	946856	0.0006257721776186
rsYJR155W	10	727405	0.0009125695194844
rsYBR298C-A	2	805035	0.0001910280642185
rsYBR299W	2	805351	0.0001910280642185
rsYBR298C	2	802631	0.0002691577975713
rsYMR326C	13	923494	0.000111662312502
rsYMR325W	13	922641	0.0006502204073356
rsYHR213W-B	8	540800	0.0002120543043688
rsYKL221W	11	6107	0.0004525369405639
rsYKL220C	11	9091	0.0004525369405639
rsYKL222C	11	3503	0.0006182991231014
rsYPR204C-A	16	946856	0.0002576905383882
rsYPR202W	16	943032	0.0003111399964547
rsYPR203W	16	943880	0.0005278957331046
rsYIL177W-A	9	846	0.0004358011897211
rsYIR020C	9	394255	1.27021773445007e-05
rsYIR022W	9	398733	0.0002696395988132
rsYIR021W	9	397294	0.0002696395988132
rsYIR023W	9	399777	0.0002696395988132
rsYIR020W-A	9	394917	0.0002696395988132
rsYIR021W-A	9	398514	0.0002696395988132
rsYIR020C-B	9	397215	0.0002696395988132
rsYJR162C	10	744911	0.0005464943408463
rsYEL070W	5	19589	0.0005354386195289
rsYGL259W	7	8470	0.0007963232739771
rsYPR204C-A	16	946856	0.0002614311741437
rsYAR035W	1	190193	5.17921778565067e-05
rsYHL050W-A	8	811	0.0004772713617446
rsYJR150C	10	708811	0.0001300508360068
rsYPR035W	16	642208	0.0003909207878392
rsYNR067C	14	755746	0.000280873378235
rsYHR213W-A	8	540549	0.0001306533094624
rsYJR161C	10	742848	0.0001130096400955
rsYJL215C	10	26412	0.0002789293498359
rsYIL177W-A	9	846	7.81149530691098e-05
rsYIL177C	9	483	0.0001093759586169
rsYEL073C	5	7230	0.0005738681654434
rsYGL258W-A	7	9162	0.0005241520905687
rsYOR387C	15	1069621	0.0003433480604215
rsYPL280W	16	11887	0.0006324193846945
rsYPL281C	16	9557	0.0006656984448066
rsYPL283W-B	16	643	0.0007367279566657
rsYOR394W	15	1082718	0.0004606706203906
rsYNL019C	14	598376	0.0002001470643587
rsYHL050W-A	8	811	0.0001223459558152
rsYJL225C	10	466	0.0008301049195989
rsYBR300C	2	808600	7.76405671092898e-05
rsYBR301W	2	809057	7.76405671092898e-05
rsYJL215C	10	26412	3.05878579427473e-05
rsYJL214W	10	26887	9.03309129332194e-05
rsYBL113C	2	280	0.0003726717961887
rsYBL112C	2	2582	0.0003726717961887
rsYDR032C	4	504099	0.0002482644113969
rsYBR302C	2	810340	0.0002177031160885
rsYJL225W-A	10	829	0.0003822810590792
rsYOR389W	15	1074213	0.0008778315155233
rsYEL075W-A	5	4870	3.17323952024568e-05
rsYEL076C	5	4464	3.17323952024568e-05
rsYEL077C	5	264	3.17323952024568e-05
rsYEL076C-A	5	4185	3.17323952024568e-05
rsYNR071C	14	770440	0.0002369580238571
rsYAR035W	1	190193	9.95471850249885e-05
rsYPR203W	16	943880	0.0003147514981752
rsYPR204W	16	944603	0.0005140003724842
rsYOR396W	15	1085473	0.0004688333970563
rsYOR394C-A	15	1084202	0.0005759408967285
rsYNL019C	14	598376	6.8716672898671e-05
rsYPL274W	16	22938	0.0003830746961929
rsYPL273W	16	25087	0.0003830746961929
rsYHR052W	8	210848	0.0003163391334515
rsYBR297W	2	800523	0.0004217388430525
rsYJL215C	10	26412	9.73675926032121e-05
rsYJL214W	10	26887	0.0002054113495911
rsYMR326C	13	923494	0.0001419773448854
rsYNL019C	14	598376	0.0008171542325629
rsYNL018C	14	599936	0.0004268404669362
rsYHR218W-A	8	559932	0.0003564131808033
rsYDR032C	4	504099	0.0004132279316795
rsYOL148C	15	45760	0.0006165842381517
rsYOL149W	15	44938	0.0006165842381517
rsYJL215C	10	26412	0.0004617218511157
rsYAL067W-A	1	2480	0.0003547214772395
rsYNR071C	14	770440	0.0001535661327665
rsYHR218W-A	8	559932	0.0003615407279445
rsYHR218W	8	558014	0.0004857686598201
rsYHR213W-B	8	540800	0.0005147010684217
rsYHR219C-A	8	561199	0.000604199145799
rsYHR219W	8	560173	0.000604199145799
rsYBL111C	2	2907	6.79878011232232e-05
rsYBL113C	2	280	7.0289136233333e-05
rsYBL112C	2	2582	7.0289136233333e-05
rsYAR035W	1	190193	6.01432083800059e-05
rsYHL050C	8	445	0.0002059581476074
rsYHL049C	8	3726	0.0003380627110393
rsYEL073C	5	7230	0.0003696849856362
rsYIL083C	9	203556	7.85347366428881e-05
rsYOR391C	15	1078545	0.0004022937889065
rsYOR390W	15	1076784	0.0002121930789671
rsYLR410W	12	937541	0.0004097667594123
rsYNL019C	14	598376	0.0003808377471731
rsYMR326C	13	923494	0.0001933704356899
rsYBR302C	2	810340	4.02757360169374e-05
rsYPR193C	16	922909	3.94309627484674e-05
rsYPR192W	16	921860	3.94309627484674e-05
rsYOR396W	15	1085473	0.0003798487622476
rsYDR210W-A	4	872112	0.0006492853800722
rsYMR325W	13	922641	0.0006591239060262
rsYJR150C	10	708811	0.0003458964413471
rsYPL187W	16	193648	0.0006110581752114
rsYPL188W	16	191406	0.0006110581752114
rsYNR071C	14	770440	0.0001201596420376
rsYCR106W	3	310958	0.0001669739306239
rsYCR105W	3	309070	0.0001669739306239
rsYMR325W	13	922641	0.0002048263258189
rsYMR326C	13	923494	0.0004362339989243
rsYJR162C	10	744911	0.0004807360497763
rsYDR545C-A	4	1530863	9.36284448942552e-05
rsYEL071W	5	16355	0.0003771146572694
rsYEL072W	5	13720	0.0005572678932734
rsYJR154W	10	725784	0.0003878919842759
rsYIL177C	9	483	0.0004988261052615
rsYDR210W-A	4	872112	0.0008438582549355
rsYBL113C	2	280	0.000651732536202
rsYBL112C	2	2582	0.000651732536202
rsYDR170W-A	4	803195	0.0006077450449521
rsYPR204C-A	16	946856	0.000539845253821
rsYCR108C	3	315997	0.0005376844303096
rsYIL177C	9	483	4.6515778858265e-05
rsYHR218W-A	8	559932	3.71894521572451e-05
rsYHR218W	8	558014	7.76264813580725e-05
rsYHR219C-A	8	561199	0.000109819934601
rsYHR219W	8	560173	0.000109819934601
rsYMR325W	13	922641	2.24137611726667e-06
rsYMR326C	13	923494	1.36383000655572e-05
rsYOR388C	15	1071793	0.0007156485411168
rsYDR150W	4	755628	0.0001056684603967
rsYHR217C	8	556581	0.0004263398452444
rsYAR035W	1	190193	0.0004919722343931
rsYMR325W	13	922641	0.0001339746713389
rsYMR325W	13	922641	4.3126282727567e-06
rsYMR326C	13	923494	6.78615667264746e-06
rsYKL215C	11	26827	0.0001643857439864
rsYJR150C	10	708811	0.000424823070231
rsYJR154W	10	725784	0.0002386652183504
rsYHL050C	8	445	4.9590038859541e-05
rsYHL049C	8	3726	5.48917719082537e-05
rsYHL050W-A	8	811	0.0007526472087055
rsYJR150C	10	708811	0.0007133971620804
rsYIL162W	9	37385	0.0002254073994271
rsYIL163C	9	36899	0.0002254073994271
rsYIL161W	9	39433	0.0004903204159438
rsYPR203W	16	943880	0.0003778756383665
rsYJL215C	10	26412	0.0003174431040366
rsYJR150C	10	708811	8.78463958779761e-05
rsYJR150C	10	708811	0.000736619094869
rsYEL076C-A	5	4185	0.0009445316523949
rsYEL076C	5	4464	0.0009445316523949
rsYEL077C	5	264	0.0009445316523949
rsYEL075W-A	5	4870	0.0009445316523949
rsYEL077C	5	264	8.77236984614775e-05
rsYEL076C-A	5	4185	8.77236984614775e-05
rsYEL076C	5	4464	8.77236984614775e-05
rsYEL075W-A	5	4870	8.77236984614775e-05
rsYEL077W-A	5	630	9.85158282884484e-05
rsYEL073C	5	7230	0.0005598190033048
rsYEL073C	5	7230	0.0005171256315602
rsYHL050C	8	445	0.0009366047668507
rsYMR325W	13	922641	9.2858822787476e-05
rsYMR326C	13	923494	0.0002296441811422
rsYIL177C	9	483	0.0005116025773851
rsYHR218W	8	558014	6.09007501002513e-05
rsYHR218W-A	8	559932	0.0002002770875156
rsYEL070W	5	19589	0.0004068281348848
rsYOR387C	15	1069621	7.84931577380756e-05
rsYBR297W	2	800523	0.0002151177159694
rsYMR173W	13	608689	0.0001836900031381
rsYMR173W-A	13	608897	0.0001836900031381
rsYJL225C	10	466	0.0001932991776392
rsYIL177C	9	483	0.0005782605034258
rsYCR099C	3	300832	4.14640958982164e-05
rsYCR100C	3	301271	5.78651888186178e-05
rsYHR218W-A	8	559932	0.0001454045868229
rsYHR218W	8	558014	0.0001596467512429
rsYHR213W-B	8	540800	0.0003714077631801
rsYHR219C-A	8	561199	0.0004043013539853
rsYHR219W	8	560173	0.0004043013539853
rsYPL277C	16	15405	1.25430365549006e-05
rsYPL281C	16	9557	5.18796765932581e-05
rsYPL278C	16	15053	0.0003006605273776
rsYPL279C	16	13228	0.0003720175899973
rsYPR203W	16	943880	0.0002210053764879
rsYCR108C	3	315997	0.0001153293487267
rsYNR067C	14	755746	0.0004528930316527
rsYEL076C-A	5	4185	0.000128297643142
rsYEL077C	5	264	0.000128297643142
rsYEL076C	5	4464	0.000128297643142
rsYEL075W-A	5	4870	0.000128297643142
rsYEL077C	5	264	7.35555578853278e-05
rsYEL075W-A	5	4870	7.35555578853278e-05
rsYEL076C	5	4464	7.35555578853278e-05
rsYEL076C-A	5	4185	7.35555578853278e-05
rsYIL177C	9	483	0.0002854811289363
rsYOR387C	15	1069621	0.0002133387355278
rsYEL073C	5	7230	0.0008081453303406
rsYER133W	5	432495	0.0001408745359575
rsYHL050C	8	445	0.0001953441555268
rsYHL049C	8	3726	0.0002410325193169
rsYMR325W	13	922641	0.0002983360031475
rsYMR326C	13	923494	0.0003507251629766
rsYIL177W-A	9	846	9.76435965395644e-05
rsYJL225W-A	10	829	0.0003649420196645
rsYJL215C	10	26412	0.0006093571798126
rsYDR170W-A	4	803195	0.0002383290235203
rsYMR326C	13	923494	0.000372283000773
rsYHR213W-B	8	540800	0.0009074141366362
rsYMR325W	13	922641	0.0004736919646994
rsYIR020C	9	394255	0.0004248561837795
rsYJL225W-A	10	829	0.0002231348747428
rsYLL067W-A	12	843	0.0001373514827829
rsYGL262W	7	5312	0.0005842129715897
rsYHR213W-B	8	540800	0.0007004329146959
rsYAR035W	1	190193	0.0001235482044819
rsYOR343W-A	15	970578	0.0003047426561458
rsYPR035W	16	642208	0.0005828873654519
rsYJR162C	10	744911	0.0003899679600689
rsYHR213W-A	8	540549	7.6490279677141e-05
rsYJL214W	10	26887	3.41880262733063e-05
rsYJL215C	10	26412	6.39117088172802e-05
rsYAR071W	1	225460	0.0003328538405305
rsYHR216W	8	554396	7.86217161702321e-05
rsYHR214W	8	541651	0.0001040729769706
rsYHR215W	8	552099	0.000140305858648
rsYOR387C	15	1069621	0.000523913039285
rsYEL076C-A	5	4185	0.0001373391398438
rsYEL075W-A	5	4870	0.0001373391398438
rsYEL077C	5	264	0.0001373391398438
rsYEL076C	5	4464	0.0001373391398438
rsYBR298C	2	802631	6.13781540616943e-05
rsYBR299W	2	805351	0.0003907753903213
rsYBR298C-A	2	805035	0.0003907753903213
rsYAR030C	1	186512	0.0007990058780078
rsYHR219C-A	8	561199	0.0001733140874024
rsYHR219W	8	560173	0.0001733140874024
rsYHR218W-A	8	559932	0.0008421785850408
rsYMR326C	13	923494	0.0001787143445343
rsYMR325W	13	922641	0.000230051969489
rsYMR326C	13	923494	1.98092969870042e-05
rsYMR325W	13	922641	2.03700946121603e-05
rsYBR297W	2	800523	0.0005815553859021
rsYFL053W	6	23423	0.0008245009838074
rsYFL055W	6	17004	0.0009640397743106
rsYAR071W	1	225460	0.0004531532232344
rsYDR210W-A	4	872112	5.69640471804307e-05
rsYJR162C	10	744911	8.86716910071555e-05
rsYDR210W-A	4	872112	0.0001348760521921
rsYHL050W-A	8	811	0.0004254220443469
rsYIL177C	9	483	0.0003185488119068
rsYMR325W	13	922641	0.0004718532455315
rsYDR210W-A	4	872112	0.0001086624202544
rsYJR162C	10	744911	0.0007778680553725
rsYDR210W-A	4	872112	0.0008504944777178
rsYJR161C	10	742848	0.000362177459882
rsYHR214W	8	541651	0.0005158071127036
rsYOR387C	15	1069621	0.000130985735646
rsYCL076W	3	1392	0.0002488207807086
rsYCL068C	3	11503	0.0003508048411045
rsYCL067C	3	12386	0.0003561984110073
rsYIL177C	9	483	0.0004397534728797
rsYNL019C	14	598376	0.0002280139074312
rsYEL072W	5	13720	0.0002415761590981
rsYJR150C	10	708811	0.0003352646502955
rsYJR150C	10	708811	0.0006090433614752
rsYGL023C	7	450197	0.0004603409099428
rsYGL024W	7	449788	0.0004603409099428
rsYGL025C	7	448764	0.0004603409099428
rsYOR396W	15	1085473	0.0005074766537486
rsYEL070W	5	19589	0.0001633065907118
rsYJL225C	10	466	0.0002664533321574
rsYJL215C	10	26412	0.0001417508784059
rsYJL214W	10	26887	0.0004211833516176
rsYDR032C	4	504099	0.000572739999847
rsYML133W-B	13	827	0.0007787137985973
rsYHL049C	8	3726	0.0004498871419807
rsYCR107W	3	313890	0.000267012159417
rsYFL055W	6	17004	0.0006286470195577
rsYEL077C	5	264	0.0005393457360923
rsYEL076C	5	4464	0.0005393457360923
rsYEL076C-A	5	4185	0.0005393457360923
rsYEL075W-A	5	4870	0.0005393457360923
rsYBR297W	2	800523	0.000795415923096
rsYOR387C	15	1069621	0.0008635136955017
rsYPR204C-A	16	946856	0.0008060667705612
rsYEL075W-A	5	4870	0.0004054258009829
rsYEL077C	5	264	0.0004054258009829
rsYEL076C	5	4464	0.0004054258009829
rsYEL076C-A	5	4185	0.0004054258009829
rsYMR326C	13	923494	0.0004339343477214
rsYJL215C	10	26412	0.0003984335144666
rsYJL214W	10	26887	0.0007144112646811
rsYIL177C	9	483	0.0001672447747927
rsYIR022W	9	398733	0.0004593894114655
rsYIR020W-A	9	394917	0.0004593894114655
rsYIR020C-B	9	397215	0.0004593894114655
rsYIR021W-A	9	398514	0.0004593894114655
rsYIR023W	9	399777	0.0004593894114655
rsYIR021W	9	397294	0.0004593894114655
rsYIL177C	9	483	8.09731694165832e-06
rsYIL177W-A	9	846	0.0002209198528801
rsYPR204C-A	16	946856	0.000257908252827
rsYCR089W	3	267434	0.0005352271326569
rsYEL071W	5	16355	0.0001426301853112
rsYNR070W	14	765375	2.83074920235906e-05
rsYNR069C	14	761123	3.81489503409605e-05
rsYNR068C	14	760067	3.81489503409605e-05
rsYNR071C	14	770440	0.0004119616195093
rsYCR106W	3	310958	0.0001759845255169
rsYCR105W	3	309070	0.0001759845255169
rsYBR297W	2	800523	6.78419329099023e-05
rsYHR217C	8	556581	0.0002747815470294
rsYPR194C	16	924304	0.0007180086010287
rsYIL177W-A	9	846	1.09571034958493e-05
rsYIL177C	9	483	2.43619532817442e-05
rsYJL225C	10	466	5.59858248874629e-05
rsYJL225W-A	10	829	9.0599100368203e-05
rsYCR105W	3	309070	0.000117765568439
rsYCR106W	3	310958	0.000117765568439
rsYDR170W-A	4	803195	0.0006295763219913
rsYIL177C	9	483	0.0005493126550733
rsYJL225C	10	466	8.2222502270241e-05
rsYDR037W	4	525440	0.0001426615752231
rsYDR261W-A	4	981462	0.0001692416486854
rsYJR150C	10	708811	0.0005355449824002
rsYOR387C	15	1069621	0.0001268456917216
rsYLR410W	12	937541	7.16227109599436e-05
rsYMR325W	13	922641	6.26908172861028e-05
rsYMR326C	13	923494	0.0002582247329213
rsYAR035W	1	190193	0.0006312145357588
rsYHR213W-B	8	540800	7.16756294203898e-05
rsYHR213W-A	8	540549	0.0001568167540049
rsYHR214C-E	8	551200	0.0004681741653524
rsYHR214C-D	8	550648	0.0004681741653524
rsYPR193C	16	922909	0.0003543781812054
rsYPR192W	16	921860	0.0003543781812054
rsYHL049C	8	3726	3.70315406992686e-05
rsYHL050C	8	445	5.84848167186528e-05
rsYEL072W	5	13720	0.0004895485867459
rsYJL225C	10	466	0.0001676661256701
rsYDL172C	4	148607	0.0002766379396552
rsYDL171C	4	149203	0.0002766379396552
rsYDL173W	4	148191	0.0002766379396552
rsYIL162W	9	37385	0.000308018526074
rsYIL163C	9	36899	0.000308018526074
rsYIL161W	9	39433	0.0005121229259104
rsYHR213W-A	8	540549	0.000190166321112
rsYMR325W	13	922641	0.0001386553975155
rsYDR210W-A	4	872112	9.84761455545104e-05
rsYJL225W-A	10	829	7.29640693952484e-05
rsYBL113C	2	280	0.00015114661623
rsYBL112C	2	2582	0.00015114661623
rsYBL111C	2	2907	0.0002651040952582
rsYBR297W	2	800523	0.0008186273474786
rsYPR196W	16	931376	0.0001133406388137
rsYPL282C	16	7933	0.0007307180151299
rsYEL076C-A	5	4185	0.0002885489596588
rsYEL076C	5	4464	0.0002885489596588
rsYEL077C	5	264	0.0002885489596588
rsYEL075W-A	5	4870	0.0002885489596588
rsYPR035W	16	642208	0.0006462393930722
rsYJL225W-A	10	829	2.28058858889595e-05
rsYJL225C	10	466	3.03853993704947e-05
rsYIL177W-A	9	846	0.0004838973786744
rsYMR325W	13	922641	8.78497218181771e-05
rsYMR326C	13	923494	0.0001854734297737
rsYIL083C	9	203556	0.0002267031800773
rsYJL215C	10	26412	0.0006071000292638
rsYDL037C	4	384601	0.000247989801992
rsYDL039C	4	381985	0.0005337182815215
rsYHR213W-B	8	540800	0.0002142468321025
rsYHR213W-A	8	540549	0.0006387613505929
rsYPR204C-A	16	946856	0.0003870619329407
rsYJL225C	10	466	0.0001676959730171
rsYEL071W	5	16355	0.0002214161065545
rsYEL073C	5	7230	0.0002774863617977
rsYJR150C	10	708811	0.0005343226530775
rsYPR192W	16	921860	1.82408407839948e-07
rsYPR193C	16	922909	1.82408407839948e-07
rsYPR194C	16	924304	2.16004737469656e-07
rsYPR195C	16	927965	2.38004549377429e-07
rsYPR197C	16	933898	0.000366892780724
rsYPR198W	16	934034	0.000366892780724
rsYNL019C	14	598376	0.000155125130134
rsYPR198W	16	934034	4.10633754049639e-06
rsYPR197C	16	933898	4.10633754049639e-06
rsYPR201W	16	939922	8.47085935361847e-06
rsYPR200C	16	939279	8.98229089517244e-06
rsYPR199C	16	938148	8.98229089517244e-06
rsYPR195C	16	927965	0.0006674857268732
