SNP	CHR	BP	P
3150_CONTR_chromosome8_214253_len_1984	8	214253	0.0002985412076686
1231_DEL_chromosome4_513258_len_-325	4	513258	0.000696307023191
3138_DUP_chromosome8_212057_len_1931	8	212057	0.0001183747376724
2936_INS_chromosome7_1076129_len_11750	7	1076129	0.0002421594161736
5539_INS_chromosome14_561443_len_328_TyRelated	14	561443	0.0001852371520315
1561_DEL_chromosome4_1175315_len_-333	4	1175315	0.0006029197236362
4781_INS_chromosome12_687944_len_6302_TyRelated	12	687944	0.0006169514559968
3895_INS_chromosome10_354639_len_330_TyRelated	10	354639	6.31827024081239e-05
1652_INS_chromosome4_1461841_len_329_TyRelated	4	1461841	0.000364658252331
1251_DEL_chromosome4_520473_len_-332	4	520473	0.0001979724588569
2247_INS_chromosome6_137912_len_65_TyRelated	6	137912	0.0004802871065094
1757_DEL_chromosome5_14684_len_-317	5	14684	0.0002339213101444
2784_INS_chromosome7_793890_len_135	7	793890	0.0006831709630846
4374_DEL_chromosome11_517455_len_-330_TyRelated	11	517455	0.0002785165650408
794_DEL_chromosome3_124133_len_-333	3	124133	1.20988482602128e-05
1757_DEL_chromosome5_14684_len_-317	5	14684	7.88138880213016e-05
2547_DEL_chromosome7_402267_len_-2961	7	402267	0.0003634729531347
4779_INS_chromosome12_687944_len_337_TyRelated	12	687944	0.0001776271889927
1333_DEL_chromosome4_668096_len_-341_TyRelated	4	668096	0.0002036566458522
3262_INS_chromosome8_525463_len_324	8	525463	0.000346510654124
4374_DEL_chromosome11_517455_len_-330_TyRelated	11	517455	0.0001909508415234
4374_DEL_chromosome11_517455_len_-330_TyRelated	11	517455	0.0004102538606856
1561_DEL_chromosome4_1175315_len_-333	4	1175315	0.0004636169683387
5539_INS_chromosome14_561443_len_328_TyRelated	14	561443	0.0006167527172037
2639_INS_chromosome7_561752_len_339_TyRelated	7	561752	5.81643154451733e-05
4067_INS_chromosome10_628805_len_273	10	628805	0.0002182268954353
2936_INS_chromosome7_1076129_len_11750	7	1076129	0.0003862023508843
4781_INS_chromosome12_687944_len_6302_TyRelated	12	687944	0.0003655540892869
5943_INS_chromosome15_462774_len_329_TyRelated	15	462774	0.0001751565945234
4781_INS_chromosome12_687944_len_6302_TyRelated	12	687944	7.61967085904774e-05
2065_DEL_chromosome5_487833_len_-333_TyRelated	5	487833	0.0001981188353515
5424_INS_chromosome14_96609_len_83_TyRelated	14	96609	0.0005872636897887
2936_INS_chromosome7_1076129_len_11750	7	1076129	0.0003992644243261
169_DEL_chromosome1_182620_len_-342_TyRelated	1	182620	0.0004125432902962
6018_DEL_chromosome15_664813_len_-334_TyRelated	15	664813	0.0005196044638391
5943_INS_chromosome15_462774_len_329_TyRelated	15	462774	0.000198850087929
5287_DUP_chromosome13_768038_len_61	13	768038	0.0005692088066684
2547_DEL_chromosome7_402267_len_-2961	7	402267	0.000284941208941
1251_DEL_chromosome4_520473_len_-332	4	520473	0.0002587372924105
779_INS_chromosome3_90843_len_338_TyRelated	3	90843	0.0002652869697258
779_INS_chromosome3_90843_len_338_TyRelated	3	90843	0.0002662594972201
2936_INS_chromosome7_1076129_len_11750	7	1076129	7.57953565992489e-07
1183_DEL_chromosome4_435288_len_-97	4	435288	0.0001587229751558
5355_INS_chromosome13_917889_len_12867	13	917889	9.52866207748751e-05
2932_DEL_chromosome7_1072906_len_-202	7	1072906	0.0001890062634602
214_DUP_chromosome1_198466_len_204	1	198466	7.02323048055397e-05
4779_INS_chromosome12_687944_len_337_TyRelated	12	687944	0.0001361552435866
1778_DEL_chromosome5_62141_len_-334_TyRelated	5	62141	0.0002921958487339
1889_INS_chromosome5_207344_len_340_TyRelated	5	207344	0.0003039009523928
3641_DEL_chromosome9_390980_len_-124	9	390980	5.60974023659142e-05
6099_DEL_chromosome15_970285_len_-5975_TyRelated	15	970285	7.36064720122603e-05
1076_CONTR_chromosome4_137861_len_74	4	137861	0.0005344825072076
1251_DEL_chromosome4_520473_len_-332	4	520473	0.0002323009939093
2936_INS_chromosome7_1076129_len_11750	7	1076129	0.0002043603363697
1251_DEL_chromosome4_520473_len_-332	4	520473	0.0007640321215058
3569_DEL_chromosome9_324396_len_-1336	9	324396	0.0002987079201163
3618_DEL_chromosome9_382842_len_-95	9	382842	0.0003348697342563
909_DUP_chromosome3_269960_len_117	3	269960	0.0006707633773101
214_DUP_chromosome1_198466_len_204	1	198466	0.0003716082863868
4684_INS_chromosome12_468943_len_8990	12	468943	0.0004522257784555
904_DUP_chromosome3_269958_len_127	3	269958	0.0004670433586254
909_DUP_chromosome3_269960_len_117	3	269960	0.0003556936883302
4876_INS_chromosome12_818474_len_329_TyRelated	12	818474	0.000302610414905
419_INS_chromosome2_197384_len_329_TyRelated	2	197384	4.15090957997879e-05
1076_CONTR_chromosome4_137861_len_74	4	137861	0.0003319870934413
5291_DEL_chromosome13_768547_len_-333_TyRelated	13	768547	0.0005823697768245
3150_CONTR_chromosome8_214253_len_1984	8	214253	0.000583117368775
907_DUP_chromosome3_269960_len_117	3	269960	0.0002692043029418
4374_DEL_chromosome11_517455_len_-330_TyRelated	11	517455	0.0001154163734849
3641_DEL_chromosome9_390980_len_-124	9	390980	0.0004658171481897
2065_DEL_chromosome5_487833_len_-333_TyRelated	5	487833	8.28106921084583e-05
4607_DEL_chromosome12_373998_len_-341_TyRelated	12	373998	0.0001748647070112
5188_INS_chromosome13_480881_len_330	13	480881	4.05957159965741e-05
1183_DEL_chromosome4_435288_len_-97	4	435288	0.0004793648857192
3071_DEL_chromosome8_146330_len_-342_TyRelated	8	146330	1.76056773413574e-05
4055_DEL_chromosome10_543605_len_-95	10	543605	0.0001568058897239
1076_CONTR_chromosome4_137861_len_74	4	137861	0.0002101054415544
1614_CONTR_chromosome4_1308046_len_509	4	1308046	0.0001011826353671
4935_INS_chromosome12_1052239_len_320	12	1052239	0.000809620876425
4779_INS_chromosome12_687944_len_337_TyRelated	12	687944	0.0005844818450944
6546_DEL_chromosome16_927358_len_-171	16	927358	0.0004329364979211
2784_INS_chromosome7_793890_len_135	7	793890	0.0004361413068359
1669_INS_chromosome4_1503810_len_142	4	1503810	0.0001016636656947
2936_INS_chromosome7_1076129_len_11750	7	1076129	0.0001034604915107
5556_INV_chromosome14_574070_len_24090	14	574070	0.0006183486859905
2065_DEL_chromosome5_487833_len_-333_TyRelated	5	487833	0.0001804493543397
58_DEL_chromosome1_25003_len_-1336	1	25003	0.0003592972322314
3920_INS_chromosome10_374892_len_368_TyRelated	10	374892	0.0005191336964383
3071_DEL_chromosome8_146330_len_-342_TyRelated	8	146330	0.0001646799801563
4044_DEL_chromosome10_541094_len_-334_TyRelated	10	541094	0.000116959785598
5153_INS_chromosome13_420977_len_211	13	420977	0.0002984163275209
3145_INS_chromosome8_213988_len_7923	8	213988	0.0004485923290373
4781_INS_chromosome12_687944_len_6302_TyRelated	12	687944	0.0002932791251047
1183_DEL_chromosome4_435288_len_-97	4	435288	0.0001157896565944
2775_DEL_chromosome7_778956_len_-156	7	778956	0.0005641150077147
4374_DEL_chromosome11_517455_len_-330_TyRelated	11	517455	0.0004331931871254
1561_DEL_chromosome4_1175315_len_-333	4	1175315	1.86033457271655e-05
5935_INS_chromosome15_438304_len_329_TyRelated	15	438304	0.0001439487912599
1076_CONTR_chromosome4_137861_len_74	4	137861	0.0007441969076332
4374_DEL_chromosome11_517455_len_-330_TyRelated	11	517455	0.0001120750744582
3636_CONTR_chromosome9_390772_len_138	9	390772	0.0004006150425027
2936_INS_chromosome7_1076129_len_11750	7	1076129	0.0006571823221493
754_INS_chromosome3_84069_len_323	3	84069	0.0005135011728388
1652_INS_chromosome4_1461841_len_329_TyRelated	4	1461841	5.46548379583846e-06
1151_DEL_chromosome4_384889_len_-92	4	384889	0.0006082500950154
1827_DEL_chromosome5_135608_len_-332_TyRelated	5	135608	0.0001117469789502
4374_DEL_chromosome11_517455_len_-330_TyRelated	11	517455	0.000127023039843
1231_DEL_chromosome4_513258_len_-325	4	513258	0.0004596198660932
909_DUP_chromosome3_269960_len_117	3	269960	0.0001544280655981
1307_DEL_chromosome4_628742_len_-133	4	628742	0.0002056418830402
1231_DEL_chromosome4_513258_len_-325	4	513258	0.0002768643304354
5539_INS_chromosome14_561443_len_328_TyRelated	14	561443	0.0004448249288724
4374_DEL_chromosome11_517455_len_-330_TyRelated	11	517455	0.0001014801899371
531_DEL_chromosome2_429115_len_-389	2	429115	0.0004145647320888
1561_DEL_chromosome4_1175315_len_-333	4	1175315	2.76978223134655e-06
2065_DEL_chromosome5_487833_len_-333_TyRelated	5	487833	0.0003533569677439
6236_DEL_chromosome16_56788_len_-5929_TyRelated	16	56788	0.0001731135871987
1128_INS_chromosome4_383993_len_942	4	383993	0.0003015427815487
1146_INS_chromosome4_384494_len_244	4	384494	7.64192529591297e-05
1827_DEL_chromosome5_135608_len_-332_TyRelated	5	135608	0.000213355475221
942_INS_chromosome3_295361_len_329_TyRelated	3	295361	0.0003492857151564
6099_DEL_chromosome15_970285_len_-5975_TyRelated	15	970285	0.0001973524557524
942_INS_chromosome3_295361_len_329_TyRelated	3	295361	0.0006614547162557
779_INS_chromosome3_90843_len_338_TyRelated	3	90843	0.0005598506902247
1542_DEL_chromosome4_1151368_len_-256	4	1151368	0.0003040679255327
5287_DUP_chromosome13_768038_len_61	13	768038	0.0001313963037987
2936_INS_chromosome7_1076129_len_11750	7	1076129	6.0277186305943e-05
5943_INS_chromosome15_462774_len_329_TyRelated	15	462774	0.000123846121285
1251_DEL_chromosome4_520473_len_-332	4	520473	0.000125916861902
1231_DEL_chromosome4_513258_len_-325	4	513258	0.0003453200629204
1542_DEL_chromosome4_1151368_len_-256	4	1151368	0.0002824758861708
5838_INS_chromosome15_227137_len_329_TyRelated	15	227137	0.0005050467663699
805_INS_chromosome3_142804_len_100	3	142804	0.0005212899000723
5935_INS_chromosome15_438304_len_329_TyRelated	15	438304	0.0003658232599238
3835_INS_chromosome10_197494_len_449_TyRelated	10	197494	4.82306869948674e-05
3547_DEL_chromosome9_246219_len_-334_TyRelated	9	246219	4.25857281489351e-05
3571_INS_chromosome9_324398_len_6482_TyRelated	9	324398	0.0006535689962288
372_DEL_chromosome2_9092_len_-337_TyRelated	2	9092	0.00013224437559
5287_DUP_chromosome13_768038_len_61	13	768038	0.0005236831340715
4115_INS_chromosome10_729995_len_5443	10	729995	0.0006441423551694
2384_DEL_chromosome7_8632_len_-149	7	8632	0.0005170000629582
2065_DEL_chromosome5_487833_len_-333_TyRelated	5	487833	0.000339363462182
4779_INS_chromosome12_687944_len_337_TyRelated	12	687944	0.0003498234426743
1333_DEL_chromosome4_668096_len_-341_TyRelated	4	668096	0.0006647972721602
942_INS_chromosome3_295361_len_329_TyRelated	3	295361	0.0003098916988386
909_DUP_chromosome3_269960_len_117	3	269960	6.23368464209344e-05
2936_INS_chromosome7_1076129_len_11750	7	1076129	0.000293097794804
942_INS_chromosome3_295361_len_329_TyRelated	3	295361	0.00027507954429
5210_INS_chromosome13_504879_len_338_TyRelated	13	504879	0.0004491011556145
2936_INS_chromosome7_1076129_len_11750	7	1076129	0.0002042582033942
5935_INS_chromosome15_438304_len_329_TyRelated	15	438304	0.0005386992345211
3023_INS_chromosome8_85385_len_171	8	85385	0.0011807373798626
531_DEL_chromosome2_429115_len_-389	2	429115	7.68731485539613e-06
3569_DEL_chromosome9_324396_len_-1336	9	324396	0.0005136707876112
6116_DEL_chromosome15_980259_len_-324	15	980259	0.0001539555494134
1251_DEL_chromosome4_520473_len_-332	4	520473	0.0003806526762063
6099_DEL_chromosome15_970285_len_-5975_TyRelated	15	970285	0.0001665325009402
5355_INS_chromosome13_917889_len_12867	13	917889	8.33575813694423e-05
2932_DEL_chromosome7_1072906_len_-202	7	1072906	0.0001353221130242
4374_DEL_chromosome11_517455_len_-330_TyRelated	11	517455	0.0002276750578242
2936_INS_chromosome7_1076129_len_11750	7	1076129	0.0001559277649974
2778_INS_chromosome7_779330_len_327_TyRelated	7	779330	0.0003726042167948
1669_INS_chromosome4_1503810_len_142	4	1503810	2.6314778781383e-05
58_DEL_chromosome1_25003_len_-1336	1	25003	0.0002087129733182
2208_DEL_chromosome6_32513_len_-236	6	32513	0.0003406559020235
5838_INS_chromosome15_227137_len_329_TyRelated	15	227137	0.0004488333029642
6030_DEL_chromosome15_703507_len_-194	15	703507	0.0004556345579056
1652_INS_chromosome4_1461841_len_329_TyRelated	4	1461841	0.0004942048408039
4067_INS_chromosome10_628805_len_273	10	628805	1.41263950196982e-05
909_DUP_chromosome3_269960_len_117	3	269960	6.76067301530084e-05
1307_DEL_chromosome4_628742_len_-133	4	628742	0.0005602610680385
2403_INS_chromosome7_74168_len_329_TyRelated	7	74168	0.0003892355992005
4374_DEL_chromosome11_517455_len_-330_TyRelated	11	517455	2.14781928794863e-06
1064_INS_chromosome4_83414_len_5957_TyRelated	4	83414	0.0006097821895084
159_INS_chromosome1_181124_len_672_TyRelated	1	181124	0.0004364578879531
1146_INS_chromosome4_384494_len_244	4	384494	0.000274796675159
4374_DEL_chromosome11_517455_len_-330_TyRelated	11	517455	0.0002522387681471
3618_DEL_chromosome9_382842_len_-95	9	382842	0.000501974896377
4607_DEL_chromosome12_373998_len_-341_TyRelated	12	373998	0.0002535954403739
5188_INS_chromosome13_480881_len_330	13	480881	0.0001883443324905
3559_DUP_chromosome9_300429_len_255	9	300429	0.0001917961413881
2547_DEL_chromosome7_402267_len_-2961	7	402267	0.0003594070876732
1561_DEL_chromosome4_1175315_len_-333	4	1175315	0.0002777483047882
4374_DEL_chromosome11_517455_len_-330_TyRelated	11	517455	4.09350267951648e-05
1119_DEL_chromosome4_383482_len_-425	4	383482	0.0004066014690158
5954_INS_chromosome15_487424_len_338_TyRelated	15	487424	8.22402344022754e-05
4374_DEL_chromosome11_517455_len_-330_TyRelated	11	517455	1.13961142641956e-05
3836_DEL_chromosome10_197494_len_-6621_TyRelated	10	197494	3.49949996970485e-05
3835_INS_chromosome10_197494_len_449_TyRelated	10	197494	0.0002180174126871
1827_DEL_chromosome5_135608_len_-332_TyRelated	5	135608	0.0002744789483686
1652_INS_chromosome4_1461841_len_329_TyRelated	4	1461841	0.0007221221683688
3949_DUP_chromosome10_400129_len_199	10	400129	0.0005816817920044
3836_DEL_chromosome10_197494_len_-6621_TyRelated	10	197494	0.000229920678968
1146_INS_chromosome4_384494_len_244	4	384494	0.0004496189474503
4374_DEL_chromosome11_517455_len_-330_TyRelated	11	517455	0.0003160900292181
169_DEL_chromosome1_182620_len_-342_TyRelated	1	182620	0.0002232125375314
4935_INS_chromosome12_1052239_len_320	12	1052239	0.0004014600259402
5935_INS_chromosome15_438304_len_329_TyRelated	15	438304	0.0002022674589354
5943_INS_chromosome15_462774_len_329_TyRelated	15	462774	0.0002652930478777
1151_DEL_chromosome4_384889_len_-92	4	384889	0.00013023721016
2065_DEL_chromosome5_487833_len_-333_TyRelated	5	487833	0.0003094832678943
4374_DEL_chromosome11_517455_len_-330_TyRelated	11	517455	4.18714733776434e-06
2065_DEL_chromosome5_487833_len_-333_TyRelated	5	487833	0.0003007622945594
4374_DEL_chromosome11_517455_len_-330_TyRelated	11	517455	2.28027333755679e-05
4876_INS_chromosome12_818474_len_329_TyRelated	12	818474	0.0004492196404951
4374_DEL_chromosome11_517455_len_-330_TyRelated	11	517455	0.0001233495419045
1231_DEL_chromosome4_513258_len_-325	4	513258	0.0002093716382792
4706_DEL_chromosome12_489480_len_-273	12	489480	0.0001930610881965
4374_DEL_chromosome11_517455_len_-330_TyRelated	11	517455	0.0002559332317668
1542_DEL_chromosome4_1151368_len_-256	4	1151368	0.0002269120451394
4607_DEL_chromosome12_373998_len_-341_TyRelated	12	373998	0.0001399330984825
1757_DEL_chromosome5_14684_len_-317	5	14684	0.0004096801192727
5291_DEL_chromosome13_768547_len_-333_TyRelated	13	768547	0.0001098246007953
5614_DEL_chromosome14_726613_len_-331_TyRelated	14	726613	0.0004706854531632
2547_DEL_chromosome7_402267_len_-2961	7	402267	7.95391329698613e-05
1827_DEL_chromosome5_135608_len_-332_TyRelated	5	135608	8.11557873698611e-07
3618_DEL_chromosome9_382842_len_-95	9	382842	0.0003452240295761
1251_DEL_chromosome4_520473_len_-332	4	520473	6.46284289578077e-05
1251_DEL_chromosome4_520473_len_-332	4	520473	0.000433531939547
1652_INS_chromosome4_1461841_len_329_TyRelated	4	1461841	1.40037466750992e-05
942_INS_chromosome3_295361_len_329_TyRelated	3	295361	0.0004603447797884
6099_DEL_chromosome15_970285_len_-5975_TyRelated	15	970285	1.59780210447345e-06
5291_DEL_chromosome13_768547_len_-333_TyRelated	13	768547	1.20987904249336e-05
3237_INS_chromosome8_475937_len_328_TyRelated	8	475937	0.000321858487085
2936_INS_chromosome7_1076129_len_11750	7	1076129	2.89316408602028e-05
5724_DUP_chromosome15_29598_len_82	15	29598	0.0003869369545093
1121_DEL_chromosome4_383487_len_-110	4	383487	0.0005434002574955
5212_INS_chromosome13_512864_len_125	13	512864	1.27822683381131e-05
531_DEL_chromosome2_429115_len_-389	2	429115	2.70680333666195e-05
6207_INS_chromosome16_15495_len_53	16	15495	0.0001438317333135
2936_INS_chromosome7_1076129_len_11750	7	1076129	0.0003753374516601
5291_DEL_chromosome13_768547_len_-333_TyRelated	13	768547	0.0001547992848378
2936_INS_chromosome7_1076129_len_11750	7	1076129	0.0002274096472017
6099_DEL_chromosome15_970285_len_-5975_TyRelated	15	970285	6.65431121343136e-05
4684_INS_chromosome12_468943_len_8990	12	468943	0.0009005435424962
4328_INS_chromosome11_389144_len_183	11	389144	0.0003309001200224
1251_DEL_chromosome4_520473_len_-332	4	520473	0.0003657798686712
4337_DEL_chromosome11_458139_len_-333_TyRelated	11	458139	0.0009208567420438
169_DEL_chromosome1_182620_len_-342_TyRelated	1	182620	0.0007528674105558
1307_DEL_chromosome4_628742_len_-133	4	628742	0.0008440256476942
5291_DEL_chromosome13_768547_len_-333_TyRelated	13	768547	8.88192541025254e-05
3836_DEL_chromosome10_197494_len_-6621_TyRelated	10	197494	0.0007740330288995
1542_DEL_chromosome4_1151368_len_-256	4	1151368	0.0003116679700554
6116_DEL_chromosome15_980259_len_-324	15	980259	0.0001841867185194
5291_DEL_chromosome13_768547_len_-333_TyRelated	13	768547	0.0002572545566278
3672_INS_chromosome9_392406_len_188	9	392406	0.0001506710216187
169_DEL_chromosome1_182620_len_-342_TyRelated	1	182620	6.91202898311735e-05
3559_DUP_chromosome9_300429_len_255	9	300429	0.0001591419120545
4116_DEL_chromosome10_729995_len_-13296	10	729995	0.0008365579439904
3668_DEL_chromosome9_392253_len_-602	9	392253	0.0003848530430084
4374_DEL_chromosome11_517455_len_-330_TyRelated	11	517455	0.0001606011167869
5188_INS_chromosome13_480881_len_330	13	480881	0.0003345165344752
4684_INS_chromosome12_468943_len_8990	12	468943	0.000219051352888
3668_DEL_chromosome9_392253_len_-602	9	392253	0.0004980489871332
4599_INS_chromosome12_366135_len_329_TyRelated	12	366135	0.0003608989582926
58_DEL_chromosome1_25003_len_-1336	1	25003	4.96971631020215e-05
4912_INS_chromosome12_976257_len_137	12	976257	0.0004352650521359
3949_DUP_chromosome10_400129_len_199	10	400129	0.0003136773491782
1561_DEL_chromosome4_1175315_len_-333	4	1175315	0.0001791056845173
1119_DEL_chromosome4_383482_len_-425	4	383482	0.0003005921840138
1151_DEL_chromosome4_384889_len_-92	4	384889	0.0002114537826237
1071_DEL_chromosome4_127638_len_-1360	4	127638	0.0002224691919289
4943_INS_chromosome12_1062080_len_270	12	1062080	0.0004963806679786
754_INS_chromosome3_84069_len_323	3	84069	0.0007340292532557
5201_DEL_chromosome13_503770_len_-371_TyRelated	13	503770	0.0005313082983328
1827_DEL_chromosome5_135608_len_-332_TyRelated	5	135608	0.0002639850436475
2936_INS_chromosome7_1076129_len_11750	7	1076129	0.0002037957823348
1128_INS_chromosome4_383993_len_942	4	383993	0.0001939255663252
4374_DEL_chromosome11_517455_len_-330_TyRelated	11	517455	5.1709544632768e-05
942_INS_chromosome3_295361_len_329_TyRelated	3	295361	0.0001408237840733
169_DEL_chromosome1_182620_len_-342_TyRelated	1	182620	0.0007054615594608
4374_DEL_chromosome11_517455_len_-330_TyRelated	11	517455	0.000178340720792
2936_INS_chromosome7_1076129_len_11750	7	1076129	0.0001793095097232
6099_DEL_chromosome15_970285_len_-5975_TyRelated	15	970285	0.0001211912092413
1121_DEL_chromosome4_383487_len_-110	4	383487	0.0007922732622724
1146_INS_chromosome4_384494_len_244	4	384494	0.0003125610464981
6450_DEL_chromosome16_769319_len_-341_TyRelated	16	769319	0.0002059514634844
6099_DEL_chromosome15_970285_len_-5975_TyRelated	15	970285	0.0002579127412047
2893_DEL_chromosome7_931690_len_-330_TyRelated	7	931690	0.0003445334451925
4935_INS_chromosome12_1052239_len_320	12	1052239	0.0002009658878318
1146_INS_chromosome4_384494_len_244	4	384494	0.000661748200555
3262_INS_chromosome8_525463_len_324	8	525463	4.84844525828504e-05
1889_INS_chromosome5_207344_len_340_TyRelated	5	207344	0.0001848254232885
1076_CONTR_chromosome4_137861_len_74	4	137861	8.47892402718033e-05
2065_DEL_chromosome5_487833_len_-333_TyRelated	5	487833	0.0001614643765863
1076_CONTR_chromosome4_137861_len_74	4	137861	8.0896369597077e-05
942_INS_chromosome3_295361_len_329_TyRelated	3	295361	0.0007024893065205
6546_DEL_chromosome16_927358_len_-171	16	927358	0.0003175005403109
5287_DUP_chromosome13_768038_len_61	13	768038	5.34157981925661e-05
3262_INS_chromosome8_525463_len_324	8	525463	0.0001223269033431
2247_INS_chromosome6_137912_len_65_TyRelated	6	137912	0.0002750385770642
2400_INS_chromosome7_73912_len_337_TyRelated	7	73912	0.0007518653783997
1151_DEL_chromosome4_384889_len_-92	4	384889	0.0003661571051598
3262_INS_chromosome8_525463_len_324	8	525463	0.0004812764079121
4374_DEL_chromosome11_517455_len_-330_TyRelated	11	517455	0.0006070881190365
3085_DEL_chromosome8_193546_len_-532	8	193546	4.2547465479179e-07
3085_DEL_chromosome8_193546_len_-532	8	193546	1.77976388304345e-05
3559_DUP_chromosome9_300429_len_255	9	300429	0.0001868469477438
3262_INS_chromosome8_525463_len_324	8	525463	7.09318500480922e-05
4599_INS_chromosome12_366135_len_329_TyRelated	12	366135	0.0002646590720568
4374_DEL_chromosome11_517455_len_-330_TyRelated	11	517455	3.97544714634813e-05
1561_DEL_chromosome4_1175315_len_-333	4	1175315	0.0002619490328695
4910_INS_chromosome12_976255_len_139	12	976255	0.0005864641059341
2035_DEL_chromosome5_443369_len_-6262_TyRelated	5	443369	9.89287531460841e-05
5922_INS_chromosome15_385209_len_127	15	385209	0.0003285512293445
1183_DEL_chromosome4_435288_len_-97	4	435288	9.07209174413007e-05
3836_DEL_chromosome10_197494_len_-6621_TyRelated	10	197494	0.0003130826285131
5314_DEL_chromosome13_808536_len_-371_TyRelated	13	808536	9.55780352524244e-05
4374_DEL_chromosome11_517455_len_-330_TyRelated	11	517455	0.0002457909150859
1652_INS_chromosome4_1461841_len_329_TyRelated	4	1461841	0.000174807217434
2936_INS_chromosome7_1076129_len_11750	7	1076129	0.0006786749186751
1392_DEL_chromosome4_802920_len_-2935_TyRelated	4	802920	0.0002749099207573
6207_INS_chromosome16_15495_len_53	16	15495	9.47092638237776e-05
2936_INS_chromosome7_1076129_len_11750	7	1076129	3.22098769770018e-05
5614_DEL_chromosome14_726613_len_-331_TyRelated	14	726613	0.0002063233079251
4374_DEL_chromosome11_517455_len_-330_TyRelated	11	517455	0.000552558766449
1614_CONTR_chromosome4_1308046_len_509	4	1308046	0.0013123626870754
2035_DEL_chromosome5_443369_len_-6262_TyRelated	5	443369	0.0008654682430591
1547_DEL_chromosome4_1154716_len_-8238	4	1154716	2.94305443070061e-05
3559_DUP_chromosome9_300429_len_255	9	300429	4.96075484830604e-06
531_DEL_chromosome2_429115_len_-389	2	429115	0.0005013843360818
5188_INS_chromosome13_480881_len_330	13	480881	0.0002508862939548
3263_INS_chromosome8_525463_len_1167	8	525463	0.0006229612275299
1307_DEL_chromosome4_628742_len_-133	4	628742	0.0002123790539724
5921_INS_chromosome15_385209_len_118	15	385209	9.31331216856844e-05
3579_INS_chromosome9_324686_len_329_TyRelated	9	324686	0.0002791376445204
238_DEL_chromosome1_204897_len_-1506	1	204897	0.0004102520484289
4374_DEL_chromosome11_517455_len_-330_TyRelated	11	517455	0.0002837660274097
4374_DEL_chromosome11_517455_len_-330_TyRelated	11	517455	0.0001653703256875
4055_DEL_chromosome10_543605_len_-95	10	543605	0.0007449298773595
2936_INS_chromosome7_1076129_len_11750	7	1076129	4.00275174822196e-05
3194_INS_chromosome8_389007_len_337_TyRelated	8	389007	0.0007220931453053
3949_DUP_chromosome10_400129_len_199	10	400129	0.0007163572806281
2936_INS_chromosome7_1076129_len_11750	7	1076129	9.12524511412264e-05
3263_INS_chromosome8_525463_len_1167	8	525463	0.0003515778829658
1997_DEL_chromosome5_435840_len_-438_TyRelated	5	435840	0.0003506451577501
3071_DEL_chromosome8_146330_len_-342_TyRelated	8	146330	0.0002618283262408
3262_INS_chromosome8_525463_len_324	8	525463	0.0001176073707546
1997_DEL_chromosome5_435840_len_-438_TyRelated	5	435840	2.40773721719631e-05
3641_DEL_chromosome9_390980_len_-124	9	390980	0.0003770770641465
4337_DEL_chromosome11_458139_len_-333_TyRelated	11	458139	6.64897027315293e-05
4374_DEL_chromosome11_517455_len_-330_TyRelated	11	517455	0.000291115295328
2936_INS_chromosome7_1076129_len_11750	7	1076129	0.0006854796281913
3255_DEL_chromosome8_523601_len_-59	8	523601	0.0002968581706375
1614_CONTR_chromosome4_1308046_len_509	4	1308046	0.0001369482827054
1251_DEL_chromosome4_520473_len_-332	4	520473	0.000281093605648
4875_INS_chromosome12_818474_len_686_TyRelated	12	818474	0.0003863706665575
942_INS_chromosome3_295361_len_329_TyRelated	3	295361	0.000402740704477
6030_DEL_chromosome15_703507_len_-194	15	703507	0.0004627230703852
3071_DEL_chromosome8_146330_len_-342_TyRelated	8	146330	0.000103389311858
3071_DEL_chromosome8_146330_len_-342_TyRelated	8	146330	0.0006150401941084
4705_INS_chromosome12_489480_len_1066	12	489480	9.55582630761668e-05
1076_CONTR_chromosome4_137861_len_74	4	137861	0.0008993925169116
5291_DEL_chromosome13_768547_len_-333_TyRelated	13	768547	7.99315386576744e-05
2247_INS_chromosome6_137912_len_65_TyRelated	6	137912	0.000226440949768
2751_INS_chromosome7_736173_len_5955_TyRelated	7	736173	0.0006688438546291
1231_DEL_chromosome4_513258_len_-325	4	513258	5.0938662078041e-05
1251_DEL_chromosome4_520473_len_-332	4	520473	0.0004410298957454
2893_DEL_chromosome7_931690_len_-330_TyRelated	7	931690	0.0004665638792608
5291_DEL_chromosome13_768547_len_-333_TyRelated	13	768547	0.0002633380672647
3636_CONTR_chromosome9_390772_len_138	9	390772	8.97993230871907e-05
1468_DEL_chromosome4_981492_len_-11207_TyRelated	4	981492	0.0004380445900133
6546_DEL_chromosome16_927358_len_-171	16	927358	0.0006803924383066
2936_INS_chromosome7_1076129_len_11750	7	1076129	0.0008118888981916
942_INS_chromosome3_295361_len_329_TyRelated	3	295361	2.18122497916337e-05
4943_INS_chromosome12_1062080_len_270	12	1062080	0.0001510836823866
58_DEL_chromosome1_25003_len_-1336	1	25003	0.0002976718841399
1128_INS_chromosome4_383993_len_942	4	383993	0.0001781049560749
6369_DEL_chromosome16_560480_len_-333_TyRelated	16	560480	0.0002161899517934
2231_INS_chromosome6_101360_len_338_TyRelated	6	101360	0.0003975232211364
169_DEL_chromosome1_182620_len_-342_TyRelated	1	182620	0.0002999309943974
2936_INS_chromosome7_1076129_len_11750	7	1076129	1.21263681758549e-05
1251_DEL_chromosome4_520473_len_-332	4	520473	5.72693629569478e-05
4337_DEL_chromosome11_458139_len_-333_TyRelated	11	458139	0.0003093317817657
1614_CONTR_chromosome4_1308046_len_509	4	1308046	0.0005278293763146
3641_DEL_chromosome9_390980_len_-124	9	390980	0.0002111783217865
3262_INS_chromosome8_525463_len_324	8	525463	0.0001106028716174
1145_CONTR_chromosome4_384492_len_142	4	384492	0.0007278461731572
3618_DEL_chromosome9_382842_len_-95	9	382842	0.0001574162719307
3618_DEL_chromosome9_382842_len_-95	9	382842	0.0004281944013208
942_INS_chromosome3_295361_len_329_TyRelated	3	295361	0.0001457723846165
5935_INS_chromosome15_438304_len_329_TyRelated	15	438304	0.0001901457387198
3641_DEL_chromosome9_390980_len_-124	9	390980	0.0001545053165683
4607_DEL_chromosome12_373998_len_-341_TyRelated	12	373998	0.0001745825925917
5838_INS_chromosome15_227137_len_329_TyRelated	15	227137	0.0004392423024795
3150_CONTR_chromosome8_214253_len_1984	8	214253	7.5635221032239e-05
1889_INS_chromosome5_207344_len_340_TyRelated	5	207344	0.0002305233697866
2547_DEL_chromosome7_402267_len_-2961	7	402267	2.91310200894326e-05
2400_INS_chromosome7_73912_len_337_TyRelated	7	73912	0.0006148176792173
4684_INS_chromosome12_468943_len_8990	12	468943	0.0003041477557963
1119_DEL_chromosome4_383482_len_-425	4	383482	0.0002022366449895
939_DUP_chromosome3_295227_len_100	3	295227	0.0004035780707987
4374_DEL_chromosome11_517455_len_-330_TyRelated	11	517455	7.10670763005451e-05
1561_DEL_chromosome4_1175315_len_-333	4	1175315	0.000423855650294
4374_DEL_chromosome11_517455_len_-330_TyRelated	11	517455	7.07246665182263e-06
4374_DEL_chromosome11_517455_len_-330_TyRelated	11	517455	7.93733223952995e-05
5291_DEL_chromosome13_768547_len_-333_TyRelated	13	768547	0.0001833825335177
1264_DEL_chromosome4_530731_len_-4477	4	530731	0.0001885787013284
1827_DEL_chromosome5_135608_len_-332_TyRelated	5	135608	0.000481299816622
3160_INS_chromosome8_237993_len_406_TyRelated	8	237993	0.000488525373423
214_DUP_chromosome1_198466_len_204	1	198466	0.0007955236666283
942_INS_chromosome3_295361_len_329_TyRelated	3	295361	0.0002454470349757
5266_INS_chromosome13_609802_len_415	13	609802	0.0003994977400884
4607_DEL_chromosome12_373998_len_-341_TyRelated	12	373998	0.0003768454291633
1468_DEL_chromosome4_981492_len_-11207_TyRelated	4	981492	8.32656015379855e-05
5266_INS_chromosome13_609802_len_415	13	609802	0.0002765858110667
2936_INS_chromosome7_1076129_len_11750	7	1076129	0.0004073937336189
4781_INS_chromosome12_687944_len_6302_TyRelated	12	687944	0.0005473423653318
2775_DEL_chromosome7_778956_len_-156	7	778956	0.0004241362265689
2936_INS_chromosome7_1076129_len_11750	7	1076129	0.000590842252268
2403_INS_chromosome7_74168_len_329_TyRelated	7	74168	0.0005743038777006
1547_DEL_chromosome4_1154716_len_-8238	4	1154716	0.0001622235617928
2936_INS_chromosome7_1076129_len_11750	7	1076129	1.00374884760317e-05
1757_DEL_chromosome5_14684_len_-317	5	14684	0.0004795649727186
2749_DEL_chromosome7_735981_len_-343_TyRelated	7	735981	0.0005054888559082
1231_DEL_chromosome4_513258_len_-325	4	513258	0.0002250280819448
1076_CONTR_chromosome4_137861_len_74	4	137861	0.0001581523160447
5287_DUP_chromosome13_768038_len_61	13	768038	0.0005434022284403
2065_DEL_chromosome5_487833_len_-333_TyRelated	5	487833	0.0004412953960687
1757_DEL_chromosome5_14684_len_-317	5	14684	0.0004655229503225
3636_CONTR_chromosome9_390772_len_138	9	390772	0.0003581699233102
214_DUP_chromosome1_198466_len_204	1	198466	3.81112065130744e-05
3349_DEL_chromosome8_556716_len_-5740	8	556716	0.0002979341019391
5210_INS_chromosome13_504879_len_338_TyRelated	13	504879	0.0004413715085671
2936_INS_chromosome7_1076129_len_11750	7	1076129	3.81593463247943e-06
2048_INS_chromosome5_449884_len_329_TyRelated	5	449884	0.0001309026446097
5935_INS_chromosome15_438304_len_329_TyRelated	15	438304	3.17833768723094e-05
4705_INS_chromosome12_489480_len_1066	12	489480	0.0004098848578614
4607_DEL_chromosome12_373998_len_-341_TyRelated	12	373998	0.0008431859737124
5614_DEL_chromosome14_726613_len_-331_TyRelated	14	726613	2.28798883236518e-05
2845_INS_chromosome7_879093_len_329_TyRelated	7	879093	0.0001891700135601
6099_DEL_chromosome15_970285_len_-5975_TyRelated	15	970285	0.0003677139836201
2065_DEL_chromosome5_487833_len_-333_TyRelated	5	487833	0.000200419005257
3137_DUP_chromosome8_212057_len_1931	8	212057	0.0003896561953942
3262_INS_chromosome8_525463_len_324	8	525463	0.0006580763762562
531_DEL_chromosome2_429115_len_-389	2	429115	0.0001057715783261
1128_INS_chromosome4_383993_len_942	4	383993	0.0010153909468001
909_DUP_chromosome3_269960_len_117	3	269960	4.92773953180173e-05
1076_CONTR_chromosome4_137861_len_74	4	137861	0.0002679166937607
4779_INS_chromosome12_687944_len_337_TyRelated	12	687944	0.0008265452759831
3547_DEL_chromosome9_246219_len_-334_TyRelated	9	246219	0.0003482893195538
4374_DEL_chromosome11_517455_len_-330_TyRelated	11	517455	0.0003180833707893
942_INS_chromosome3_295361_len_329_TyRelated	3	295361	0.0006864775824702
6099_DEL_chromosome15_970285_len_-5975_TyRelated	15	970285	3.46660894451477e-05
2247_INS_chromosome6_137912_len_65_TyRelated	6	137912	0.0003941987532665
4599_INS_chromosome12_366135_len_329_TyRelated	12	366135	2.67383361962492e-05
1468_DEL_chromosome4_981492_len_-11207_TyRelated	4	981492	0.0001226633929156
6099_DEL_chromosome15_970285_len_-5975_TyRelated	15	970285	1.28860976154685e-06
531_DEL_chromosome2_429115_len_-389	2	429115	0.0005714596194471
4876_INS_chromosome12_818474_len_329_TyRelated	12	818474	0.0002116203642678
214_DUP_chromosome1_198466_len_204	1	198466	0.0003430704707112
1183_DEL_chromosome4_435288_len_-97	4	435288	0.0001437483485542
58_DEL_chromosome1_25003_len_-1336	1	25003	0.0008760322680645
6099_DEL_chromosome15_970285_len_-5975_TyRelated	15	970285	0.0006993321615136
754_INS_chromosome3_84069_len_323	3	84069	0.0001749708939898
1119_DEL_chromosome4_383482_len_-425	4	383482	0.0001720932196557
2932_DEL_chromosome7_1072906_len_-202	7	1072906	9.84861162225779e-05
1547_DEL_chromosome4_1154716_len_-8238	4	1154716	0.0001677793044978
3071_DEL_chromosome8_146330_len_-342_TyRelated	8	146330	0.0002619670704574
6018_DEL_chromosome15_664813_len_-334_TyRelated	15	664813	0.0004676189805206
5288_INS_chromosome13_768453_len_337_TyRelated	13	768453	0.0001363977848724
5614_DEL_chromosome14_726613_len_-331_TyRelated	14	726613	0.0001811113287587
4779_INS_chromosome12_687944_len_337_TyRelated	12	687944	0.0003423353839945
907_DUP_chromosome3_269960_len_117	3	269960	0.0001506168894586
1542_DEL_chromosome4_1151368_len_-256	4	1151368	3.94701710734361e-05
4067_INS_chromosome10_628805_len_273	10	628805	0.0001140533521792
1757_DEL_chromosome5_14684_len_-317	5	14684	0.0002276966255463
4374_DEL_chromosome11_517455_len_-330_TyRelated	11	517455	0.0001022461555559
2510_DEL_chromosome7_319422_len_-339_TyRelated	7	319422	0.0002221053120133
3262_INS_chromosome8_525463_len_324	8	525463	0.0005158402578329
5210_INS_chromosome13_504879_len_338_TyRelated	13	504879	0.000419174481148
531_DEL_chromosome2_429115_len_-389	2	429115	0.0009039133980357
3618_DEL_chromosome9_382842_len_-95	9	382842	0.0003710410635065
4374_DEL_chromosome11_517455_len_-330_TyRelated	11	517455	0.0001493167272476
1145_CONTR_chromosome4_384492_len_142	4	384492	0.000115997956394
2775_DEL_chromosome7_778956_len_-156	7	778956	0.000371817940238
1561_DEL_chromosome4_1175315_len_-333	4	1175315	0.0001489414586217
4374_DEL_chromosome11_517455_len_-330_TyRelated	11	517455	0.0002670341741963
1076_CONTR_chromosome4_137861_len_74	4	137861	0.0005547349850528
4607_DEL_chromosome12_373998_len_-341_TyRelated	12	373998	0.0002989523320929
1614_CONTR_chromosome4_1308046_len_509	4	1308046	0.0002489328834792
1652_INS_chromosome4_1461841_len_329_TyRelated	4	1461841	0.0005534646844342
4374_DEL_chromosome11_517455_len_-330_TyRelated	11	517455	0.0003660853966264
3101_DUP_chromosome8_211575_len_1638	8	211575	0.0004913909726421
2936_INS_chromosome7_1076129_len_11750	7	1076129	0.000495302879948
1542_DEL_chromosome4_1151368_len_-256	4	1151368	8.17886901511226e-05
2932_DEL_chromosome7_1072906_len_-202	7	1072906	0.0002168238878858
5838_INS_chromosome15_227137_len_329_TyRelated	15	227137	0.0001911688422072
3151_CONTR_chromosome8_214253_len_1985	8	214253	0.0005300053480666
1076_CONTR_chromosome4_137861_len_74	4	137861	0.0008800333334435
3237_INS_chromosome8_475937_len_328_TyRelated	8	475937	9.91686204937699e-09
3641_DEL_chromosome9_390980_len_-124	9	390980	0.0002933206863946
1561_DEL_chromosome4_1175315_len_-333	4	1175315	3.72296224463666e-05
2065_DEL_chromosome5_487833_len_-333_TyRelated	5	487833	0.0003313052517749
4374_DEL_chromosome11_517455_len_-330_TyRelated	11	517455	0.0001818806611972
4374_DEL_chromosome11_517455_len_-330_TyRelated	11	517455	0.0002242709341392
5943_INS_chromosome15_462774_len_329_TyRelated	15	462774	0.0002102950694044
3071_DEL_chromosome8_146330_len_-342_TyRelated	8	146330	0.0003922143930278
4876_INS_chromosome12_818474_len_329_TyRelated	12	818474	0.0005277765727036
3563_INS_chromosome9_300684_len_1557	9	300684	4.77355676112419e-05
4328_INS_chromosome11_389144_len_183	11	389144	5.30577759521691e-06
5210_INS_chromosome13_504879_len_338_TyRelated	13	504879	6.50044825951908e-05
4374_DEL_chromosome11_517455_len_-330_TyRelated	11	517455	8.31015612883777e-06
1561_DEL_chromosome4_1175315_len_-333	4	1175315	0.0002709724849319
794_DEL_chromosome3_124133_len_-333	3	124133	0.0005915641730613
2247_INS_chromosome6_137912_len_65_TyRelated	6	137912	4.91884707675802e-05
6107_INS_chromosome15_976377_len_311_TyRelated	15	976377	0.0006104983375561
5266_INS_chromosome13_609802_len_415	13	609802	0.0004887623153874
1128_INS_chromosome4_383993_len_942	4	383993	0.0003406732231756
942_INS_chromosome3_295361_len_329_TyRelated	3	295361	0.0003792165821323
1889_INS_chromosome5_207344_len_340_TyRelated	5	207344	0.0006488468012057
1151_DEL_chromosome4_384889_len_-92	4	384889	0.0010764006902666
4374_DEL_chromosome11_517455_len_-330_TyRelated	11	517455	0.0004578074675019
169_DEL_chromosome1_182620_len_-342_TyRelated	1	182620	0.0001560610851481
5287_DUP_chromosome13_768038_len_61	13	768038	0.0007230627594776
1119_DEL_chromosome4_383482_len_-425	4	383482	0.0002636923895079
4044_DEL_chromosome10_541094_len_-334_TyRelated	10	541094	0.0003292836362475
5838_INS_chromosome15_227137_len_329_TyRelated	15	227137	0.0003513118872597
3255_DEL_chromosome8_523601_len_-59	8	523601	8.00284328519478e-05
1076_CONTR_chromosome4_137861_len_74	4	137861	0.0005697271254186
3071_DEL_chromosome8_146330_len_-342_TyRelated	8	146330	0.0002261925896616
4935_INS_chromosome12_1052239_len_320	12	1052239	0.0002297070885988
4374_DEL_chromosome11_517455_len_-330_TyRelated	11	517455	6.14877578414348e-05
4935_INS_chromosome12_1052239_len_320	12	1052239	0.0004004746192843
3668_DEL_chromosome9_392253_len_-602	9	392253	0.0004922372368412
1444_DEL_chromosome4_945954_len_-342_TyRelated	4	945954	0.0004581744903756
6116_DEL_chromosome15_980259_len_-324	15	980259	0.0007097031443326
3262_INS_chromosome8_525463_len_324	8	525463	0.000413519373054
2384_DEL_chromosome7_8632_len_-149	7	8632	0.0004324495799484
3571_INS_chromosome9_324398_len_6482_TyRelated	9	324398	7.27723937460913e-05
1778_DEL_chromosome5_62141_len_-334_TyRelated	5	62141	1.01696491597615e-05
4337_DEL_chromosome11_458139_len_-333_TyRelated	11	458139	0.000278919205552
754_INS_chromosome3_84069_len_323	3	84069	0.0001621784574908
5502_DEL_chromosome14_503833_len_-107	14	503833	9.83626121688658e-05
4374_DEL_chromosome11_517455_len_-330_TyRelated	11	517455	0.0001697109350305
4374_DEL_chromosome11_517455_len_-330_TyRelated	11	517455	0.0001982670488399
4374_DEL_chromosome11_517455_len_-330_TyRelated	11	517455	0.0007595352929247
5921_INS_chromosome15_385209_len_118	15	385209	0.0003068442827477
531_DEL_chromosome2_429115_len_-389	2	429115	0.0006555994316562
5838_INS_chromosome15_227137_len_329_TyRelated	15	227137	0.0005467538028853
794_DEL_chromosome3_124133_len_-333	3	124133	0.000295174426544
754_INS_chromosome3_84069_len_323	3	84069	0.0008064940677465
531_DEL_chromosome2_429115_len_-389	2	429115	0.0002005998693351
2547_DEL_chromosome7_402267_len_-2961	7	402267	5.87971166848048e-05
1461_INS_chromosome4_981170_len_1901_TyRelated	4	981170	0.00026718466073
1146_INS_chromosome4_384494_len_244	4	384494	0.0002650208198198
3920_INS_chromosome10_374892_len_368_TyRelated	10	374892	4.3619547122537e-06
1542_DEL_chromosome4_1151368_len_-256	4	1151368	0.0006328598364995
742_INS_chromosome3_82707_len_3619_TyRelated	3	82707	1.84239942242845e-05
2784_INS_chromosome7_793890_len_135	7	793890	0.0004865551893681
2749_DEL_chromosome7_735981_len_-343_TyRelated	7	735981	0.0005093447168608
531_DEL_chromosome2_429115_len_-389	2	429115	0.0003598542309946
3920_INS_chromosome10_374892_len_368_TyRelated	10	374892	0.0002101696823531
1468_DEL_chromosome4_981492_len_-11207_TyRelated	4	981492	0.0001451018432273
5614_DEL_chromosome14_726613_len_-331_TyRelated	14	726613	0.0001026311329779
531_DEL_chromosome2_429115_len_-389	2	429115	0.0003693017450144
5935_INS_chromosome15_438304_len_329_TyRelated	15	438304	0.0001876892516365
4943_INS_chromosome12_1062080_len_270	12	1062080	0.0004786155887478
1561_DEL_chromosome4_1175315_len_-333	4	1175315	0.0001003569908214
169_DEL_chromosome1_182620_len_-342_TyRelated	1	182620	1.76231326452118e-05
4374_DEL_chromosome11_517455_len_-330_TyRelated	11	517455	8.9280968180429e-05
4374_DEL_chromosome11_517455_len_-330_TyRelated	11	517455	0.0005500849299474
4374_DEL_chromosome11_517455_len_-330_TyRelated	11	517455	0.0004922441566615
1064_INS_chromosome4_83414_len_5957_TyRelated	4	83414	0.0002741645080436
1333_DEL_chromosome4_668096_len_-341_TyRelated	4	668096	0.0003128427282607
5053_INS_chromosome13_183989_len_538_TyRelated	13	183989	0.0007706640531583
2639_INS_chromosome7_561752_len_339_TyRelated	7	561752	0.0005407783294179
1889_INS_chromosome5_207344_len_340_TyRelated	5	207344	0.0002607902690007
4374_DEL_chromosome11_517455_len_-330_TyRelated	11	517455	8.21767991331849e-05
3262_INS_chromosome8_525463_len_324	8	525463	0.0002576900767307
3668_DEL_chromosome9_392253_len_-602	9	392253	0.0003341576529987
1542_DEL_chromosome4_1151368_len_-256	4	1151368	0.0004649025322627
1231_DEL_chromosome4_513258_len_-325	4	513258	0.0005694700439843
4912_INS_chromosome12_976257_len_137	12	976257	0.0006364813882975
5210_INS_chromosome13_504879_len_338_TyRelated	13	504879	5.59722735177192e-05
4374_DEL_chromosome11_517455_len_-330_TyRelated	11	517455	6.65816745295858e-05
5935_INS_chromosome15_438304_len_329_TyRelated	15	438304	0.0004215461728704
4781_INS_chromosome12_687944_len_6302_TyRelated	12	687944	9.13917365396689e-05
531_DEL_chromosome2_429115_len_-389	2	429115	0.0001472192858645
1968_DEL_chromosome5_431489_len_-334_TyRelated	5	431489	0.0004365501806317
4374_DEL_chromosome11_517455_len_-330_TyRelated	11	517455	0.0005508674630289
2510_DEL_chromosome7_319422_len_-339_TyRelated	7	319422	0.0003039620456372
741_DEL_chromosome3_82700_len_-337	3	82700	0.0005649745972422
3835_INS_chromosome10_197494_len_449_TyRelated	10	197494	0.0003508685175896
6099_DEL_chromosome15_970285_len_-5975_TyRelated	15	970285	0.0002559154260032
3262_INS_chromosome8_525463_len_324	8	525463	4.67410409829402e-05
2247_INS_chromosome6_137912_len_65_TyRelated	6	137912	0.0004595499989015
577_DEL_chromosome2_643488_len_-370_TyRelated	2	643488	0.0001563453027079
4607_DEL_chromosome12_373998_len_-341_TyRelated	12	373998	0.0007416637639602
4318_INS_chromosome11_379666_len_338_TyRelated	11	379666	0.0003624897177824
2384_DEL_chromosome7_8632_len_-149	7	8632	0.0002381765491341
1542_DEL_chromosome4_1151368_len_-256	4	1151368	0.0003586355861651
1251_DEL_chromosome4_520473_len_-332	4	520473	0.0002354178997226
4607_DEL_chromosome12_373998_len_-341_TyRelated	12	373998	0.0001999156955356
909_DUP_chromosome3_269960_len_117	3	269960	0.0001744355985974
3138_DUP_chromosome8_212057_len_1931	8	212057	0.0004624785440642
5935_INS_chromosome15_438304_len_329_TyRelated	15	438304	0.0001336796713629
3255_DEL_chromosome8_523601_len_-59	8	523601	0.0002101157666471
1231_DEL_chromosome4_513258_len_-325	4	513258	0.0003456330673953
2035_DEL_chromosome5_443369_len_-6262_TyRelated	5	443369	8.85405553366922e-05
1547_DEL_chromosome4_1154716_len_-8238	4	1154716	0.0003712766801495
741_DEL_chromosome3_82700_len_-337	3	82700	0.0003770005792268
4374_DEL_chromosome11_517455_len_-330_TyRelated	11	517455	0.0004374522078435
3579_INS_chromosome9_324686_len_329_TyRelated	9	324686	0.0004741939475521
3668_DEL_chromosome9_392253_len_-602	9	392253	9.55051006304369e-05
531_DEL_chromosome2_429115_len_-389	2	429115	0.0004213890284331
3835_INS_chromosome10_197494_len_449_TyRelated	10	197494	6.4891998744402e-05
3569_DEL_chromosome9_324396_len_-1336	9	324396	0.0002192457059187
2065_DEL_chromosome5_487833_len_-333_TyRelated	5	487833	0.0001600495849847
1121_DEL_chromosome4_383487_len_-110	4	383487	0.0001896231213761
4912_INS_chromosome12_976257_len_137	12	976257	0.0002258060219754
1614_CONTR_chromosome4_1308046_len_509	4	1308046	5.12448619740937e-05
4599_INS_chromosome12_366135_len_329_TyRelated	12	366135	0.0002420512831704
531_DEL_chromosome2_429115_len_-389	2	429115	0.0004371970177127
1547_DEL_chromosome4_1154716_len_-8238	4	1154716	0.0005142000702145
1152_CONTR_chromosome4_384947_len_141	4	384947	0.0005223390549102
5608_DEL_chromosome14_726245_len_-699_TyRelated	14	726245	0.0003936635638558
1968_DEL_chromosome5_431489_len_-334_TyRelated	5	431489	0.0003618977162089
4374_DEL_chromosome11_517455_len_-330_TyRelated	11	517455	0.0001164989617372
3349_DEL_chromosome8_556716_len_-5740	8	556716	9.85678883513979e-05
6099_DEL_chromosome15_970285_len_-5975_TyRelated	15	970285	0.0004014314421758
3137_DUP_chromosome8_212057_len_1931	8	212057	0.0004024805821995
1076_CONTR_chromosome4_137861_len_74	4	137861	0.0002642361343766
1827_DEL_chromosome5_135608_len_-332_TyRelated	5	135608	0.0004157917567678
3618_DEL_chromosome9_382842_len_-95	9	382842	0.0001825533412991
942_INS_chromosome3_295361_len_329_TyRelated	3	295361	0.000691197049038
5291_DEL_chromosome13_768547_len_-333_TyRelated	13	768547	0.0002494274981398
5288_INS_chromosome13_768453_len_337_TyRelated	13	768453	3.88881628317279e-05
3262_INS_chromosome8_525463_len_324	8	525463	0.0003385478527426
2547_DEL_chromosome7_402267_len_-2961	7	402267	0.0003216994319469
531_DEL_chromosome2_429115_len_-389	2	429115	0.000615421246993
1231_DEL_chromosome4_513258_len_-325	4	513258	0.0002602563826049
2784_INS_chromosome7_793890_len_135	7	793890	0.0003554018858613
1151_DEL_chromosome4_384889_len_-92	4	384889	0.0001047420248909
1827_DEL_chromosome5_135608_len_-332_TyRelated	5	135608	7.31303999202633e-06
4374_DEL_chromosome11_517455_len_-330_TyRelated	11	517455	0.0002390448281967
1183_DEL_chromosome4_435288_len_-97	4	435288	2.03743472189385e-06
4044_DEL_chromosome10_541094_len_-334_TyRelated	10	541094	0.0005331568526567
2065_DEL_chromosome5_487833_len_-333_TyRelated	5	487833	0.0006030997312016
1547_DEL_chromosome4_1154716_len_-8238	4	1154716	0.0001371979517649
1652_INS_chromosome4_1461841_len_329_TyRelated	4	1461841	1.92679846248987e-05
4374_DEL_chromosome11_517455_len_-330_TyRelated	11	517455	0.0001264314391008
3876_INS_chromosome10_293134_len_92	10	293134	0.0003831516005599
3266_DEL_chromosome8_525522_len_-13836	8	525522	0.0002656608385801
942_INS_chromosome3_295361_len_329_TyRelated	3	295361	0.0003200817479458
1614_CONTR_chromosome4_1308046_len_509	4	1308046	4.82951422151497e-05
4781_INS_chromosome12_687944_len_6302_TyRelated	12	687944	0.0005210558069115
4374_DEL_chromosome11_517455_len_-330_TyRelated	11	517455	0.0004836815431457
1561_DEL_chromosome4_1175315_len_-333	4	1175315	0.0001684141961706
2936_INS_chromosome7_1076129_len_11750	7	1076129	1.6163215986719e-05
4374_DEL_chromosome11_517455_len_-330_TyRelated	11	517455	8.10603714421454e-05
6546_DEL_chromosome16_927358_len_-171	16	927358	5.15991114269755e-05
4374_DEL_chromosome11_517455_len_-330_TyRelated	11	517455	0.0001131493522547
5201_DEL_chromosome13_503770_len_-371_TyRelated	13	503770	0.0004669992177391
6018_DEL_chromosome15_664813_len_-334_TyRelated	15	664813	8.65176034813146e-06
2403_INS_chromosome7_74168_len_329_TyRelated	7	74168	0.0004637016798983
1076_CONTR_chromosome4_137861_len_74	4	137861	0.0003396498208931
4781_INS_chromosome12_687944_len_6302_TyRelated	12	687944	0.000351886295969
4705_INS_chromosome12_489480_len_1066	12	489480	0.0006549949601244
2936_INS_chromosome7_1076129_len_11750	7	1076129	1.39746264394859e-05
3836_DEL_chromosome10_197494_len_-6621_TyRelated	10	197494	8.82831464537641e-05
4607_DEL_chromosome12_373998_len_-341_TyRelated	12	373998	0.0009839673822736
942_INS_chromosome3_295361_len_329_TyRelated	3	295361	0.0002831954313919
1183_DEL_chromosome4_435288_len_-97	4	435288	0.0002438635043306
4706_DEL_chromosome12_489480_len_-273	12	489480	0.0002541279350749
4779_INS_chromosome12_687944_len_337_TyRelated	12	687944	0.0001827505102554
4374_DEL_chromosome11_517455_len_-330_TyRelated	11	517455	0.0004334093144855
3668_DEL_chromosome9_392253_len_-602	9	392253	0.0002529957887604
531_DEL_chromosome2_429115_len_-389	2	429115	0.0003534884357581
1444_DEL_chromosome4_945954_len_-342_TyRelated	4	945954	0.0002521759352703
1757_DEL_chromosome5_14684_len_-317	5	14684	0.0001508025624269
1827_DEL_chromosome5_135608_len_-332_TyRelated	5	135608	4.83018757380369e-05
1128_INS_chromosome4_383993_len_942	4	383993	0.0002402991793089
942_INS_chromosome3_295361_len_329_TyRelated	3	295361	0.0001030389494075
1307_DEL_chromosome4_628742_len_-133	4	628742	0.0006856442703459
4990_TRA_chromosome13_6184_len_8381	13	6184	0.0005309431989315
4115_INS_chromosome10_729995_len_5443	10	729995	0.0003912858682081
3949_DUP_chromosome10_400129_len_199	10	400129	0.0003428899373027
909_DUP_chromosome3_269960_len_117	3	269960	0.000125388491027
4779_INS_chromosome12_687944_len_337_TyRelated	12	687944	0.0002053738898733
3903_DEL_chromosome10_354843_len_-332_TyRelated	10	354843	7.1836117082928e-06
214_DUP_chromosome1_198466_len_204	1	198466	0.0004785214409397
2291_CONTR_chromosome6_178166_len_141	6	178166	0.0001719367969937
909_DUP_chromosome3_269960_len_117	3	269960	0.0001183367294157
5935_INS_chromosome15_438304_len_329_TyRelated	15	438304	0.0001565948533478
3668_DEL_chromosome9_392253_len_-602	9	392253	3.57162673702302e-05
4374_DEL_chromosome11_517455_len_-330_TyRelated	11	517455	4.55133571421138e-05
3920_INS_chromosome10_374892_len_368_TyRelated	10	374892	6.77180910625754e-05
4044_DEL_chromosome10_541094_len_-334_TyRelated	10	541094	0.0004284537560265
169_DEL_chromosome1_182620_len_-342_TyRelated	1	182620	0.0006521620119265
1561_DEL_chromosome4_1175315_len_-333	4	1175315	0.0002593764845766
3262_INS_chromosome8_525463_len_324	8	525463	0.0004841501221751
372_DEL_chromosome2_9092_len_-337_TyRelated	2	9092	0.000664378524263
1119_DEL_chromosome4_383482_len_-425	4	383482	0.0002393779956059
6546_DEL_chromosome16_927358_len_-171	16	927358	0.0002815895691591
779_INS_chromosome3_90843_len_338_TyRelated	3	90843	0.0001696221537957
5954_INS_chromosome15_487424_len_338_TyRelated	15	487424	8.75478578795983e-05
1119_DEL_chromosome4_383482_len_-425	4	383482	0.0002936924638244
4374_DEL_chromosome11_517455_len_-330_TyRelated	11	517455	0.0003968790189229
5053_INS_chromosome13_183989_len_538_TyRelated	13	183989	2.11390779684941e-05
3835_INS_chromosome10_197494_len_449_TyRelated	10	197494	0.0004042042088692
5556_INV_chromosome14_574070_len_24090	14	574070	0.0007470752586217
3453_DEL_chromosome9_30406_len_-229	9	30406	0.000469110693506
4943_INS_chromosome12_1062080_len_270	12	1062080	0.0002687090471192
1614_CONTR_chromosome4_1308046_len_509	4	1308046	0.0001392497915905
5426_DEL_chromosome14_96609_len_-5940_TyRelated	14	96609	0.0005369052245541
6099_DEL_chromosome15_970285_len_-5975_TyRelated	15	970285	0.0001104083849128
5935_INS_chromosome15_438304_len_329_TyRelated	15	438304	0.0008060395426384
5188_INS_chromosome13_480881_len_330	13	480881	0.0003610122457174
1542_DEL_chromosome4_1151368_len_-256	4	1151368	0.0004950914085747
3160_INS_chromosome8_237993_len_406_TyRelated	8	237993	0.0004489348605079
2936_INS_chromosome7_1076129_len_11750	7	1076129	0.000233178159449
5943_INS_chromosome15_462774_len_329_TyRelated	15	462774	0.0002184008739286
6099_DEL_chromosome15_970285_len_-5975_TyRelated	15	970285	0.0004851823672674
1542_DEL_chromosome4_1151368_len_-256	4	1151368	3.12358301459018e-05
6018_DEL_chromosome15_664813_len_-334_TyRelated	15	664813	0.0001622739346277
2065_DEL_chromosome5_487833_len_-333_TyRelated	5	487833	0.000176906162975
